6.7606210201303885
11.876627180400291
9.12686432682936
11.217684654930308
6.148146979241191
10.558970176599361
7.7205623108569466
6.481835448380247
8.756973835037877
7.99195121712977
6.803037072281247
10.133822188915726
9.366903970240305
8.700764608692538
8.105463974319727
9.517476625077409
9.793789583913027
6.222503663758303
10.125572854284231
7.762399506035394
9.509780836005891
6.9586740200263675
9.174633179051682
7.9063560645901845
6.787732666506476
11.001682401721055
13.671596998993314
7.503333355843334
6.1364151683046515
8.84462731639561
6.29818042418455
11.32971802031305
15.769215774997821
11.030896069103415
7.371939580238483
8.450019496072759
9.048637785392152
8.212311614704253
15.454490817456708
6.746583445810748
6.81591759101238
10.39602382121796
11.487781276729036
8.063290378841604
10.705216866283276
7.6598518525075106
8.532571646463513
7.191437012120927
14.158020180212718
10.436576489814046
8.427573108962621
11.994904564540983
6.902042947195345
16.321526824429334
10.96608063322536
8.492638722299489
8.448177704601957
8.895563856434496
8.332778972065608
11.299154145320681
7.573036573517335
9.903538980136856
10.833983171694316
9.7642466053783
7.092833247608563
9.901777121448871
10.129540503220941
10.033715513841063
9.401545655890475
10.29764425369139
8.625581202443398
10.863897097166696
7.706047839059363
13.384001196232285
7.568842087841543
7.753044178956282
7.528789778413077
9.730174687988434
7.998033194770371
9.009611904460273
9.44182302719009
9.155734931097244
12.132020648699143
7.758961481971988
12.792644172744476
9.605819333429782
7.18731065928482
6.2091870994341285
12.615498392084644
11.87653079409586
8.376059379560154
6.584110697336333
9.413613958046557
11.446826755202359
8.951525698039974
13.157621581540266
16.01327037508506
11.696005229413892
9.186641316980566
6.655234452817716
11.062422113634305
6.677115610695671
11.492759401955109
9.858768755896778
8.355029333115484
6.68227497606075
16.063951662498518
14.572827909880013
7.965535076853254
9.607650764456753
11.469738687492313
8.622973421600642
10.399075499079075
10.011425817809737
8.668305971745271
7.257691974117619
9.014991480081802
6.97763018280926
10.707870552552892
10.43997475614104
10.223378549443439
8.665814143128632
7.574289260255357
11.777313766155286
8.685438601621223
10.721719439763952
15.092171665403535
9.005410000057534
9.370724119062132
6.237161841875474
7.398570226303766
8.424403080729324
9.06842397945216
14.544157030354626
7.212798100437492
7.509157104207034
7.894401676279709
6.591971571902864
8.192362869972227
7.950208023818116
16.795773287666247
16.545092408477377
6.989696798602371
12.588063117387676
9.751421107102676
10.141987829614605
9.190405441373562
9.094762881847409
12.325522809304374
6.653176734801972
9.067582505933222
8.003307678137732
7.7174328834155705
8.42177089536104
6.55142897220964
9.064089913757702
13.122311976406083
7.143344420994431
10.775144113062868
9.071636902290003
8.569445764906112
7.694659166995864
8.2493318384933
9.52181850652181
8.134240638584886
7.187988009477602
6.921505741273655
8.247619565168085
9.027370083355727
7.137429863847181
9.098671912354312
10.214873843754312
8.410597521088523
7.3386108001601285
9.349780428198125
11.975370654354213
8.10653974827843
9.892075804295834
11.84400264121259
13.350256514053703
7.731576833618614
11.501662117972295
15.136038933928416
9.869395547224812
9.586368439715217
8.411721621923864
10.579547618543831
10.144589709959416
9.609251018140183
11.302876268041432
7.881294740851427
6.577529449243727
9.0679173406942
8.675193803829577
7.758246153633962
10.261866294837443
6.849396124893259
7.6448011338769035
9.43149267623635
8.086558159132773
11.47328738239243
11.256201463493793
9.662525040031035
9.562164427792114
7.460684060173899
10.008227875338848
7.781953131890271
10.255722450978643
9.34650532867635
9.793957443840222
13.071243286554987
16.250658828793348
6.714560883385536
7.942156042098898
7.042650014607631
7.974926476716028
12.294716652886338
8.913653880541885
8.161675537576695
8.194398072750412
9.991008092716553
12.308751070690386
7.10812829476555
11.31294878232133
6.990005689864632
8.268191468163465
17.12627401638813
8.948084555620971
7.07440358552783
12.621125113002893
7.5334917068602865
7.815188845571999
9.742060018125644
7.1918200239048105
13.438320460791049
9.218286725078169
6.92499035118011
8.935130505771573
11.052603268770575
8.129688035416173
12.448507268372182
10.910852515824375
7.617390010495493
8.026188561477372
8.150648619560869
9.847197750112258
10.139831658514808
9.005061294700688
6.909820697830471
15.437695989055017
9.794477046751869
7.601916358648279
8.68237359501107
12.379945478720112
8.994485480951628
13.231414200012525
10.765159422741052
9.374097743092227
10.036314172541303
11.845340911543731
8.760892466274944
10.998269544490169
9.29733865230634
8.631572132969369
9.253733200168684
8.29021080394089
9.020892838859439
10.147291315880445
6.87475059932548
8.63258550683852
7.308970909077619
6.761635845565289
9.777925388236602
7.738372504186783
10.734876869471352
6.9189393973173265
8.943089309714237
9.45373533627173
8.713053868261918
13.475068092139221
10.638496558209953
9.506699978847594
7.280427464636031
11.280392903605094
9.180871429954388
6.201293148769988
10.405889826138393
8.768143541913991
16.633473645924354
10.367223768634437
10.35657217713789
8.590936132833054
9.162148963715142
10.158743345388189
7.217962042903005
6.601482648993079
8.20791861684533
10.874053390998036
8.177576621507818
7.3761108422928485
7.664776078676713
7.892782339952133
9.664935479843912
8.768565977028695
11.95685726760702
7.932248724648645
8.596390031969975
7.0517952401557435
7.937752847746007
10.724763425124797
10.427423567854202
12.935953304658158
6.37874409687101
12.120347781259236
9.387919145816186
9.885679801952488
6.957614252626413
7.0219985169539125
6.419402687418742
10.321081979666092
8.393871019218327
10.117605927118387
9.069114360171714
14.753747656817996
8.128404954967282
9.667386063410317
11.493008164633002
6.229134562110874
9.059749500946214
13.881535745147344
8.781090487527608
7.217577978111011
6.6667538283000525
9.511694945992597
10.369783602779677
11.799699317439835
10.668959781755758
7.219230586436149
7.276795515941579
8.784202451270737
8.43649210283409
8.607941821025396
7.78464994180758
9.466260669264628
8.409621055000041
12.074150578475908
8.347671231606139
7.971431452531653
9.0377620291985
8.242945240969911
7.419649217946301
8.133408871615135
10.586954272650656
11.299551357590877
8.699595149840377
8.764620848345182
8.76807733989783
8.200616604362482
9.56595692757832
12.193192188553356
11.329815006151145
7.092575287292642
6.9846810036039795
7.46578647809196
8.957319715155244
8.530316507915895
10.236730069939615
8.538106375128912
7.739424914292319
10.266081431584523
11.641204872465103
14.575650582139337
8.663366277067063
8.667993736507727
8.259543110524664
9.42126577532071
12.793262442549368
7.289465653009772
11.530699012754363
7.543674733509214
6.123212298403866
15.405642111014599
8.622132871378614
9.76579878374572
9.387644472588834
13.905756055956761
8.793014633774604
7.540857307499193
8.230384182445304
11.913366002430328
7.088052992174317
8.778602760519425
9.23265505974887
10.066754325726277
10.82984075982644
13.48327029529935
11.957319543620999
8.041310176027853
8.269949530335783
7.557347038666158
7.474927535768463
11.084482352826711
14.602021893298156
6.828574701951682
9.640673874534341
12.644554478606363
8.227905297358555
7.745324438086395
8.388986491121841
10.42827355238617
6.240441939777586
9.221017177576762
8.072850117042872
9.984102535401826
12.208377470009104
10.2974027204365
7.11869510522084
15.164987481302832
10.763404639493814
8.791589652748328
8.656666645666235
6.152397974015348
8.497447767958871
10.518220450330597
7.2629702425214715
11.564993561189835
10.383530106036034
8.395407264471281
6.530760571650534
6.495889960201486
8.333348765460677
8.678662957470406
6.837102723024297
8.337513283858838
11.557748902383059
9.509103117242487
10.44745279492579
7.591920121865502
13.247022602879506
8.158565158584604
9.731314092867443
7.786308062769582
9.770520862124705
8.852487460451512
12.258560834061582
8.503425061511651
9.654675327482563
9.00856218793152
13.729835733956971
8.524816094852788
7.471834918275561
11.258675513150102
6.7286127678866325
7.55898559925055
7.261100710256668
8.871107684454108
12.477241165524052
8.126825431726314
8.384842273430731
9.820387834394438
12.211509863643567
11.309064416179602
7.512704609553472
10.921716413264644
7.129805637537318
7.080762229892523
8.127103932249572
12.027637908228053
14.079666193016266
13.270986239977917
7.3460365622850645
9.459855395599329
7.0569770921114285
11.118833896234595
8.15170393482296
9.867334780250069
8.969112618420315
7.229265222302315
6.076919212625732
8.32909166628106
12.508436245334353
9.052861923989656
8.75283822936307
10.528705990447655
6.733860871476073
9.516353536340418
7.758898270929519
11.841409580345049
9.208072512547917
7.5140352786461015
9.737286917057032
8.074249361708159
12.704314491070456
10.9554637271291
8.414325894695272
11.970871676977467
8.718142032192127
8.383781965031805
7.824517630442207
7.19180824273919
6.3816795311280785
10.48929349072324
6.818802225869188
10.215041955731072
14.137387286734569
7.814783042737009
10.593258991411103
8.52870423064952
10.796730318190438
10.723518791626244
10.873735452527718
9.789089179091876
9.18201508503056
13.671902296332709
9.569265051736231
9.268423746978623
10.530683251790744
7.161664184553221
12.639363908563189
10.079425875902107
9.285519031883533
8.874735767068557
12.881923998366
8.110173645125654
6.865741904632328
13.37411845055488
7.966761608335143
8.64170331429006
7.935120340067517
8.467095409018565
14.733670488826352
7.704736683775178
9.897076997279624
7.243390516816316
11.675981397048039
11.615780941859144
6.754627679856316
6.726762818266974
6.866044127531582
7.49218034893498
7.545258345873132
11.379754809274045
8.906101634551677
7.558900210255008
13.884040187817126
7.569754340024029
11.101876679737071
9.325659006760326
7.942640719765633
11.79004677701059
7.40107537625217
8.177079564210722
10.105990505534209
10.920830470912884
9.24665640904249
10.22281766979958
15.060678217481716
8.349228563749932
7.491632470832786
7.245188822299789
10.86549197015998
15.763902974228118
7.04758939553922
11.7944672547257
11.46194351388675
10.857071717472936
9.144761111151473
12.588680258711367
8.183220488238213
13.695439745733509
8.094289478772726
10.525010934316914
7.184429043245992
8.216373259977553
9.960130703475178
12.321852538503565
7.8213254695989
8.057779291247583
10.80052274530087
9.880295824839482
7.891064728212002
9.776718753946332
8.335704764156285
7.788494939122527
9.059256141458471
9.03519434075583
12.461109224253029
9.394841709965577
6.625991910989075
8.070087816005584
6.873773198554934
13.742606477714988
10.102990445882572
9.832813760170682
8.496469079862138
10.169104869628402
7.467769418347471
11.18068811917719
7.8216211509150515
6.861365275987363
9.026517199577198
9.471824741774379
6.8260674774973
7.6933298530988585
6.883227536214094
6.2050746134367785
8.333149309619413
8.72461325364724
14.571142144405847
14.829290154834267
9.30317272301488
10.958193578315928
7.340819228900773
10.775584035158095
10.926227206524267
7.868494034064109
7.842465775806125
7.460024835251568
8.276255904591322
12.612070508200578
8.355270172534937
17.753676613821533
11.617021647351756
7.631196807378586
10.21117446262418
10.51956727175607
7.057581948524663
7.356176932729233
9.322828577266439
7.628401573128972
9.845144626268464
10.319750000616319
7.483729747883954
13.25542970015997
7.316678486489774
8.355146454577152
12.795277689514059
9.065161742378478
7.001164410327512
6.552759084717891
10.222132040301778
12.970048051866357
11.423767643612466
8.732304228045871
8.94872470232813
8.231922150163433
9.394758351157277
8.380602648205254
9.442517937636575
8.986606361878257
11.256253552364187
6.529498350975191
7.893641772415519
8.173637485282345
9.760268290254764
12.912798864936287
10.723757089743907
9.730277255060678
8.97398441916883
7.398363744992541
9.164471563586643
10.063413481899135
8.87278117621728
7.25702044157518
8.098658578686319
9.393167952347833
7.908019887615614
7.402394798090429
7.256412511893462
8.351552477049585
7.841213338897109
7.057976295472924
11.84715277377388
9.725079564657895
10.251111220456297
9.067426288624844
11.876140563096648
6.987588761301988
10.363082095760635
16.896607592997523
8.182606687553529
7.253767828653109
7.438989130645016
8.079005854990193
9.510704879551678
8.088945323762733
9.264119109396997
8.73090944208567
7.377600383831957
8.310559322803917
11.33743215097983
8.24326724278556
9.337763237381765
7.917948934508004
7.522251132276404
8.66776708785273
13.853004689780816
7.715068463088926
8.686303696919808
11.84749743337132
7.13511356266566
12.283413563358906
7.742981202622634
6.978513157986559
6.743359645173406
13.644556572378233
10.921187613625856
9.554029576515516
9.487317485753342
8.791750251383002
7.254479983962763
8.2791718344414
9.899927136536276
16.076884664161472
12.650496988830314
10.133577439954331
8.584627640822232
6.989904442181355
7.589203817892332
10.160234805284178
11.652390546182502
7.167263095774265
7.299225969802534
6.093147571768985
8.636121759529203
10.014272563797313
8.199111225453283
7.114940319287691
9.085203766483211
7.011879136083511
6.802544983245899
10.069849511133981
11.210409737361898
7.36593085109648
8.994076501216298
13.385742979010487
7.38853441482869
11.091373259278287
13.488279696564662
11.034260889650772
7.575960366615874
7.254224164957189
8.973316050061932
8.880898711426001
9.485136764342672
10.598819774312265
10.21890715827634
8.109299663761405
10.611287379659894
12.499432317448916
7.641480093562283
14.4161668661704
8.84306000335545
9.590460688435236
11.110580958081444
9.211241870375414
9.191346837157981
8.773072632706981
8.277552592580056
12.43223310602837
9.05067108714851
8.758262751872431
8.646784059250068
7.890186488502749
8.677561344935233
13.100611165345214
8.306110440905416
8.752953574771887
12.254336299018878
8.818335239400165
7.989938714062864
7.282559168972608
6.769192861750744
7.321414531454078
7.735808390902431
6.8492418326881666
16.510532068406437
8.454647742973073
7.81097848648232
11.321233911347317
10.075713388495998
9.476466800435771
8.777211550108223
7.608887942005056
6.66639087560711
7.075826323842881
10.137595899545211
10.435536992152418
6.866804516495704
8.6205104740639
8.34357236447524
12.90685267831534
6.458949019192445
9.959035719686117
7.973999445807039
9.456059111716717
7.32357626829287
12.689998356645214
8.800315129506659
7.889340256550827
7.996766818322387
8.02389372905513
9.313661775821402
12.245793484897707
8.30854195197469
10.931963890265676
7.300718078350414
10.759027900311152
12.04648820106713
8.203647341608079
9.027997173434397
9.134929763808778
16.78710168637628
7.9459435693213845
8.836559004649994
9.778550065931872
11.496474350663162
9.332309060567775
11.562923050417298
8.775330478945836
9.322928530740647
7.608691746746386
8.591113266525973
9.530805336636782
9.401411601059873
9.746294215281996
9.632925596567084
12.745612376046264
16.262417598104165
15.119479164181753
6.934415225386986
8.212998831883427
7.315698354736019
7.418313549446665
6.710855662804557
8.082856100553604
10.377059687809616
9.137935769754073
8.662079293636307
8.370555955585457
9.919768909063494
11.082254152659162
14.528892195377761
9.156352967640126
7.691487266999212
11.8489246310969
9.589057223604614
6.69022642290802
11.731550068202669
12.52685618779372
7.267195688905725
9.299847064015033
9.1420538030182
16.479911125670398
7.810352492055678
8.702437552758528
13.292935609684553
8.021929101923199
9.646161642231153
8.381152464338196
9.084107021681644
7.077366507204424
8.867245366088413
12.1132997301426
8.347360376833237
6.50327101887
10.548283978791622
11.156455906339321
10.867062380681164
7.874197963723658
15.141636126126802
10.618867603958712
6.867484372943928
7.832235602001293
8.513909007597482
8.87009348930703
6.628526859619401
7.788887568143571
12.250952596640449
11.013000234944005
11.719660257466613
10.848393816945892
9.59512209579642
8.378766028404854
7.399268212373797
11.523151996904625
11.564451902802066
14.551851480570045
7.3359904834271
8.876485042111772
9.204767885669419
7.6265078771234
8.432538241795164
9.37267147692995
10.162726709260536
8.59299371212459
10.242759080632707
8.851856219496135
7.005283112095466
7.1840949884232295
7.841792361885125
12.367501970040001
9.600743481575213
7.429598977489058
8.474216396271684
8.507490727425905
9.166432625574398
10.569774250761553
11.554097342884976
8.959084755828606
7.366934138217272
8.068941393889006
13.26555616765452
8.646359985721977
6.856034921899479
8.529865784931282
10.583333343132717
9.62644937559908
10.964866192996631
13.944025891267275
7.693792199648778
10.03559737896958
10.810771853074403
9.9526541185078
8.839595810463743
10.151351003827624
7.968742342536655
9.330370698737983
8.92710439003749
9.761140552398128
8.045744527496892
8.110002268547857
8.732195780486569
8.801054796638429
13.611974484202584
12.260335974073476
8.070252082394045
7.669645855380903
14.869300091305764
6.610688822757517
10.422125616837848
8.177672845110514
8.126564194303981
6.5393612875043265
10.484657974729878
7.685685849896592
8.356277504919525
10.086135032839614
9.386580204442845
7.066111322658271
12.903755831691154
13.847580146908978
8.32977197017849
7.935783988665232
6.974596118575264
10.307920491573276
8.983756021549635
10.81893703462793
7.266272180749974
7.288386555291482
7.642978472107461
9.155733068264688
12.647598351062339
11.45459627129982
11.89669780054512
9.78585611072892
7.296776268029726
8.551449534832024
11.121740611721684
7.437228858778304
7.777159493598036
8.582725481668515
10.450273245616838
7.966003575053893
11.637364214587823
9.068171338261077
12.533255775689815
12.19346145951669
7.705133116876167
8.815696406222589
8.718346830948736
16.205619784828983
8.728537254269856
9.101452986292907
7.662855474544036
8.04503575258583
6.474537174004805
12.528042805816659
7.5829109160468136
11.261083721653037
9.467899822045563
15.661720753259162
9.15957630649652
7.351441458388758
8.711424059878844
9.219724001415537
12.002646983748148
8.86647269451514
12.187775431029142
7.224896705049733
7.211050213346932
8.739968882797454
8.735118451845839
8.747287368994794
6.444460706762572
10.466444665622387
9.538277425250108
8.696041185224034
8.057737449100278
12.359780012395486
8.66478210864982
8.327984531046333
9.815180157631792
13.186867286781544
7.0015674564655175
7.920015586590673
9.00525952182372
9.194510795326206
7.9468311083825025
7.6496549814362
6.834549009753585
11.958961627279827
8.847535290483506
9.272360761594623
11.008557563380545
11.561396829980604
9.629598561295177
10.776592379224933
11.072038434243993
12.604794863966253
8.052548065547562
11.941221328215414
10.809878499367862
10.933859746035596
8.343495401714273
8.906573605507667
10.397507093699213
8.99960671718646
10.688881170460991
8.148046750233036
7.9362892336520705
9.031298416226353
9.846532491615267
7.207810671956558
6.910983499374191
10.668648032173797
16.424932719369345
9.423656004724812
11.952775381320096
7.2262843084407775
10.343235084667137
8.754317945738986
8.330560722174457
8.121634287590771
7.708079609046201
10.731170700374626
11.975155543964787
9.475850689231264
10.6640927496433
6.99613677214185
8.391800874873214
9.437292520468569
7.159144765384485
7.443276957264467
9.047237890837534
6.962497512841166
7.353668733074816
8.626553480533966
9.868340980566604
8.114115111795602
10.275483427243643
14.579535904213097
8.25476478781494
9.788290159723143
9.266249939383282
6.359526503574019
10.079205194195206
12.855794835227279
12.653359597021428
9.363211619038175
14.729174665426797
8.471589278149526
8.830567460605
10.709507871339543
7.322434323764444
7.574356192347579
6.9061056995591565
12.274390731634835
7.749398237700735
8.856812793252761
7.295014352130181
10.089226880480552
10.05282873196746
9.40987781012278
7.5070807411140255
9.577275041780863
9.468393371977353
11.101419982629977
7.1152224095985295
7.17383387138416
6.825256558550179
9.37690077592812
9.773927429566228
9.894402538595866
8.335763825952586
8.238878406696122
9.494844220464586
8.779165362798032
7.129775984419062
10.85032096756411
9.133929437248966
6.565803043490458
11.046969813111662
10.070149218911673
8.633130376431822
10.018984863095024
12.009142159621382
10.940305257612886
7.14194994516768
7.6062848365204445
12.605309482407083
8.023011780678491
9.935925424918132
7.632109914594147
9.540497823176414
8.597092940783702
9.600217092909194
11.221044095711017
8.5159435495134
7.364215224426709
12.9915253393206
8.055206807365769
7.488640979740563
14.064737172256462
7.578506379123539
8.540444246390487
7.93733106713712
6.789996644987214
8.018933593206182
8.255100585878246
6.79056351604514
7.280768477023008
6.954180028189928
7.33871611852369
9.257648695067555
14.745484338780123
12.94659457811004
6.4455928581112305
8.867621486168037
8.409901986797294
7.189021501484653
11.826853290907346
6.8804819762334395
9.268734919639552
9.352753112778094
9.473465323616995
14.167448696716718
12.169840673798104
6.426975472840619
8.668729278426051
11.10644640362159
12.790126249915087
11.45339074451494
6.902701211055918
13.941213619822175
10.324468209585788
6.902387547356611
13.269759390511105
6.331151290316772
7.987535185092491
10.704124441869109
10.226007839825723
13.08628463585123
8.836384618760567
9.462382639513764
9.137139324115651
7.326989923964162
7.417042236841487
9.85743681999088
8.782751612659574
9.432023459328747
7.650414155170289
6.676062111411459
12.057133127227806
12.28396430825926
6.937516028552658
7.712176103599548
8.990424748122011
11.282453271682668
10.237227267469061
15.119588384325825
7.802943088064146
14.432770471321364
12.37498344845964
11.9013166624979
8.377025337848922
11.385372073959376
8.368971591479438
9.465923149956314
7.147199917664257
9.417559028344394
7.262811993759307
10.701882360033798
8.912204095019147
8.598515943917612
9.481227275341793
9.08456778730362
11.191303710408354
7.08343750249642
11.898247771491242
8.81906584045085
8.38123714789666
8.860384266989763
7.838464232347408
13.612423302502455
10.066518435318537
7.600453932888667
8.801924570147012
9.3662659569951
8.557207307855041
8.419647190588258
7.079065214157848
7.274483435900182
7.650661610089387
7.579057145080334
8.348754952493033
8.487135953733416
11.079824286297736
9.623671151457819
8.205030960316822
9.824741887656042
8.338975654128939
6.950650957423209
10.986725776879009
9.003092111985863
8.871633233670392
7.785087638677822
11.777827768113415
14.923237354255933
8.215233269723086
7.861803128132847
9.601912701010042
6.407187668555755
10.200323010228656
14.718780526137529
9.847185898567202
8.077455981903627
11.99810509926799
16.327742049251363
8.422214601677677
6.263732581212163
11.167624807513576
15.524009044287672
11.660061026168286
10.83645578783231
9.050770751066645
8.224148998186712
9.749960106413232
11.363114836837982
7.807820052303719
7.0127003119404945
6.508560945242644
7.143420112394572
9.451776485019801
7.958055389038159
8.918855362030708
7.098769278482669
9.252863645637529
7.578660177088026
8.358223814288438
6.4211756102346405
11.229128559111285
7.167770264361703
7.493440429583953
8.806333750068616
10.325305045362795
14.638003395854145
8.43349711965619
10.98658763485197
8.94912022442007
11.094197254087565
7.369148486704419
10.40125078507774
9.595754326512388
9.327387089517888
11.435453030083755
9.282815836978902
12.285976581563528
9.348910210521357
8.801677521498464
8.790201191589906
7.50059942290388
10.196954169789484
7.895952749565953
7.504508020505484
13.292643075917606
8.787488218053124
8.552408016000985
9.241786388019278
8.699866776040102
11.535905152300543
12.432722566627822
16.11505576838869
7.203449011386652
6.610848093214721
8.055961001629854
8.223285218891519
7.090087478680992
8.182156253637935
10.15920834030368
11.389986493374352
6.703049578473142
8.207995718709434
7.100158424257108
10.010511036588417
7.870175680684936
11.561617382917428
7.487700515940004
8.307604374895233
6.369657781288954
6.429846604935615
7.682369857453627
13.928708228384385
14.0720415037665
11.803591386945596
8.100651130337857
10.98384831207847
7.244493068408661
13.930610853416308
10.378496861542551
9.208021168626798
7.635683551481984
7.513237698722006
11.648626180442655
9.345118011707772
8.145176365467547
8.199656534609222
8.159746068702342
14.713009267315844
9.5938072613715
9.857654915374498
13.693692487442503
9.400954959450287
8.443147806261466
10.83967559741517
7.284261717210472
14.481390046103918
6.792100409884393
7.0898838936980635
8.683558535795727
9.333453008941914
7.734139138967741
8.13275438363368
8.105905638612066
7.6234681011436
8.910766250156
10.152881525969068
9.170502569014399
8.295612874348748
8.69741056344
7.576989155392177
6.284400107924097
8.188159539192217
15.680580306916
7.272412281779149
12.40983564965214
13.881570002482487
9.898041919857205
8.495691905432189
12.205744918646676
11.442665159455764
9.010193231602914
8.98916131873993
7.617584720343864
9.621832065247139
7.168765116884526
6.2905552973709735
7.715065486976005
9.553324241045445
8.139169304624192
9.079120907056636
8.005280282874583
8.896635332058016
8.016734666391603
9.010808915834989
7.22917840989803
8.144647122982589
11.421936552538467
7.92747522862178
10.379261083104725
6.593294773059343
10.248760184705434
6.555125620242344
6.6713056949786385
10.219192017312219
11.436547240310322
6.959348243118335
7.825084325064958
12.649119059130415
8.840322557831426
7.164395248222811
6.639782678437427
7.5679774655903
8.981983040219623
6.794374484406062
9.066783205053463
7.844197845137842
8.15461734367508
10.92032892030708
8.3980939126183
9.093128640945539
8.970745948923266
9.292856952574834
7.1527154012426974
8.229530004226321
6.498073194946275
7.953559343737679
7.802898438644358
9.30497425313624
9.697216273997647
9.007760636176098
7.7224029526693485
6.989279377339079
8.286157095318934
10.332181352513535
12.395926726024333
7.772604677553494
11.710441380848405
11.467063630927205
13.511222083281824
6.64968116441237
9.495568497312043
7.731077061443379
6.805857029815098
9.921135242435343
11.447253346032154
9.693312217709206
9.175293056311528
11.064843672200318
11.017005482429163
8.243862616029505
8.556514566539093
9.111387624852584
7.193171666000899
10.178617777634523
7.544431672932456
7.456244890918865
13.498104191266338
13.278651845035476
8.181067382952445
8.80627127845875
9.462353788892047
9.175179874304114
13.81341074982647
8.06638744418396
8.129147587068026
13.00949049559148
14.907818745107857
11.578747414964232
9.603208239808756
7.330709780905854
10.871296353169283
16.71462836416718
10.604109021551793
7.830693787723551
10.20485625297748
7.842916491326649
7.618375589641109
13.383695684501681
9.34554935086074
8.324741506370302
10.584547513239944
9.377088355719222
9.996163694511019
7.285165036307441
11.02764139580533
7.122048326421518
10.046830509634407
12.035005820262535
9.111146419615569
9.021921916969951
9.641976279452754
7.8251948843049295
6.798317597683043
10.815871859318676
10.027490364835195
8.426653843172108
8.708234942373256
11.299984067022464
7.92443156401468
12.330951221908208
8.435988376332816
8.771426707152324
7.497104243485953
8.846097801965849
9.038990589808197
7.86826152247888
8.087418160944475
12.081112589928784
13.235610409807588
8.108365968755582
14.677882852392116
7.811389996056985
6.804476982949342
8.380574944688204
9.254605773074495
11.564784024767143
8.34904151379997
7.475734078669559
7.913827910646551
7.21705852821964
7.916023654661885
10.113928345851846
6.407496486111128
7.950280360011662
12.973335758866627
12.086352151582194
11.312990021377152
8.776756185028843
8.202698523760347
9.74854811623389
12.0803017927839
8.388062724255438
7.185063689602055
7.148531715414093
9.164044180264284
9.09623314373246
8.71775821878764
7.388839527335936
7.658321110511021
6.364714025442944
9.053932464906955
10.587289911406735
7.604585548186479
8.270309744235158
9.249036314645434
12.141323385362503
9.253082921605413
6.321761875034572
8.223157113969712
6.799100297721271
8.356889703076922
13.47157262423765
8.70502753061679
8.264388438010382
9.072434315575554
7.843944890709226
9.086574152553283
8.784470812497666
9.254162329420724
16.463118498783096
12.375885339897502
12.024357339851427
8.882476398890105
8.346783247115699
10.763339634670727
7.406506739612529
8.496292619114838
10.150475155020311
12.102053389015328
6.574080482449853
7.526707581012776
9.409834521263953
11.086934066680643
6.527954405284858
7.9258754514721765
7.60372044972458
8.645666438949418
9.590923661362815
9.03982040890121
6.754060710150459
8.169930190669831
10.884532764499589
8.865480517909551
7.23498578666945
8.330305498681938
10.097091386979105
8.301566773145021
6.091038900792169
6.529290633562099
9.775042069337307
10.298282309444733
11.714527126516959
6.8859102226501685
8.982627598225033
12.004857165209044
8.877962199905765
10.797935650662307
9.720761932761814
8.049933918986897
7.835934682260466
7.019735987729502
10.840485092435912
8.454519079007904
8.728910588314026
9.29273845283029
8.370446965127044
10.917684781208385
6.1188060006722536
9.247465886098345
8.761107807037769
7.9101529669775275
10.60296718146036
8.432697447043013
8.653242090984804
8.139918690352202
8.208974214791095
10.302178344099968
8.68822982337215
8.403980068934112
8.873316109569483
8.15023564821609
7.885690778845584
7.432844866039076
7.477938834116217
8.14667748847166
8.683738252831862
12.90182464054979
8.810405794075265
9.305894043090426
9.951055182249707
9.253863552296025
7.297512869772072
8.663366694033279
8.446254674943308
11.331033175565484
7.578142649441605
7.220707545097832
13.143251732481376
15.618298502647695
7.044814846023635
8.423036724674093
8.113158366462438
12.137948594978504
15.282761656162316
6.86492676877508
6.766853440593474
9.411171248495389
10.58204106525645
12.311593293902492
11.57399593174043
7.800569597592016
8.44396570286304
8.303236790830349
8.028114814886836
14.349957679583142
9.004585134750615
11.848913711339135
7.214894428057282
9.059892229561965
8.616659056082339
7.803071965391814
8.956126176890955
8.60091044459683
14.979789766972726
7.1322465110436895
7.087573506996735
10.573533728427128
9.484627973635053
9.662250660253795
9.26744025422854
10.37086501368522
7.787869173662517
8.436329986485
7.795835724417207
12.05023582646241
10.865915031079837
7.63723668823281
7.359389360391791
6.770271377301132
10.925396235290547
9.109663495609674
7.2986517889867315
8.39008213983638
8.959745654722463
11.321795040412203
8.098981431600254
7.836143454188578
7.461628884363364
9.979020218770062
11.0743708603771
13.103431206258199
6.527849528716463
9.077243713101005
11.457449292989448
7.06527509531743
9.311480185997851
6.291729238787798
7.554009594851188
6.805908239190922
8.7321208007413
11.343439455620778
8.574897321559366
8.67767471485643
8.226672994501657
10.93993290052933
7.29943583471482
11.820448956411962
7.594495459061303
13.993246548254778
9.690470230067914
12.480391917587259
9.557103133726333
9.361378219546992
6.2896940846545295
9.823956339718306
8.217334247466116
9.728261551013489
16.43373820890696
7.953262388465437
8.467115323427812
7.94285942233172
6.730668594330152
8.067664397710756
12.615445342041168
11.949120644296585
9.198316626294572
11.123429279090548
12.24239951030402
6.248012351070816
8.658689608345822
9.426677833439403
7.816174687683029
8.245024917610444
9.103089760612
7.908047334408127
15.77364054659871
8.224708917270531
7.463543698841036
10.523200675916872
7.597559950762747
8.780895152745867
9.567113112456683
14.322728307869909
7.832096217476078
10.942357000719399
8.788163515499757
11.314522478750384
8.021878336182214
10.080340876807089
11.229759061152214
8.757563494038191
8.45950489055727
8.304143116924134
9.255019279747664
10.877678809701536
10.610082702647421
12.123209797600992
11.145365911650684
7.097701117698654
11.130093416729064
10.77867482300967
6.117002142887801
7.352992238916692
7.670633236342437
8.092726823621806
7.1075865905428355
6.794650707391084
6.600225375695828
7.170895629327163
6.439953125727848
6.439529668201087
6.722563286490885
12.888128680231995
10.459249369888331
13.707982653309507
7.629364780783766
7.592807839320999
8.638788496301279
11.311425281060638
6.405184042821929
9.894205656341478
8.60965667702552
12.063094002665272
7.659285044888517
8.321190174283167
7.755619732830104
7.333300632244587
8.381084172392383
8.846479956137186
9.998173666943504
6.989881098627572
6.401415708647388
10.431515881229542
7.125470147427165
12.125453988785976
11.303578254452466
11.514289649248513
15.773213438217025
8.986896206641097
7.196669956877553
8.129769916671664
8.688240307459447
8.497140098674455
10.857944070006232
7.233819262463098
9.277636998226734
8.636740010662534
7.379679552174806
15.649061790929059
7.790764308604293
12.070188953443537
8.058389298100861
12.220710097938806
8.89069732258132
12.424259470995738
9.184549750409861
7.670748300247407
7.881281972828493
10.908013990618743
6.939611347837533
6.744260381505575
9.335634255989627
14.116524379943431
12.813129756429522
7.232602837767978
9.495658663989314
11.959791182045961
7.140276726184708
15.852092229586205
8.2385265816289
9.627349889023398
12.85606845713608
7.637915290427485
8.426365085187742
14.579768546174328
11.730199163141526
10.382189745707297
11.588066634730815
7.4410799785052
6.164646825842185
8.30163071238092
7.439882340740742
13.226331333120145
6.05209400435186
10.179473160235538
9.482684276081608
12.335629450849302
7.972609656601985
10.275400132643998
16.50615803490887
9.463016900212171
8.371116522779577
7.488022284354318
9.655887245415158
9.762389407720715
8.408906040565684
9.34412981778791
7.114561515344686
8.771545107670715
10.694542188929187
6.884495153085929
11.107323650873616
13.077952881879494
6.67763208050197
9.327902835589184
9.776742650062138
9.050400776886402
10.94117042076459
9.841911023547263
6.683711864735931
11.086809099313788
10.178476187115677
9.774961382114371
6.960492246011638
7.8778864575980645
7.930622211945702
15.474697966134656
11.114155154717375
7.559640206484013
8.14327089857375
9.745671013542745
10.081614590739937
9.617187324269276
12.661179452171867
12.252284336312135
9.46832613460004
13.68204716262466
17.341135688317365
16.044143499889074
7.932606688932612
9.227806395085148
13.227151638711817
8.659909339409126
10.066158709657143
13.13124541181519
7.5427301951161825
8.03712437048107
8.221645326624959
9.359087601267928
9.72758282590929
9.518444445043754
13.43036323088876
9.348566441482207
8.619774836157235
9.210183761586412
7.155364549724237
7.944815663504218
8.431173194939683
7.903519801807824
10.760338039606294
7.411142257122664
8.994443682415188
8.738307355882858
9.79882095142523
9.199312770450213
8.164412026487348
8.46816932763206
6.42870413539251
7.169685994042311
7.3060291869371765
11.257836157580435
9.17247275699154
7.084964826888921
9.302797692368678
9.468242960795319
9.019276900519479
8.385105146423502
8.439257739150984
9.976404694408313
11.687796362744786
9.899853086180201
7.510864465449273
10.457572842659367
8.62380917771644
10.062132550484515
8.629913495185445
9.459903123234316
12.28966997934721
6.240717582670525
6.992310206850017
9.872436601268905
12.39808942686801
14.168712208895936
9.424873781304914
7.359327677989837
9.243814860767609
8.99875952100003
10.182613289634084
8.361350437993083
9.440144371274585
9.308598662871518
6.460104583350889
9.979150228788653
8.211953063396097
11.501519542423546
10.949916844506497
8.412520073207618
12.533235704069138
8.724935925040006
8.959393787506572
9.149191287733425
7.218896472161388
8.834348457230735
9.08761414232688
7.276379574280861
9.892166047481188
11.455709458769277
11.308566358384677
6.259696661359487
9.099386686171709
9.474061178434258
6.498380044110283
8.225575251035417
10.370443774334534
7.450074875321963
11.173495079192769
10.459698520109557
8.500977730508144
8.882374708799981
8.999105488914402
13.47603153032017
6.329679678120315
9.269325346058675
8.185259711469596
10.512940378311663
7.75289390763383
12.407326747018812
9.878349768986558
7.853290413065187
9.03714583237209
6.890667727523245
12.073184424465264
8.502071907690171
8.907395156989871
10.33007872725166
7.3681295159982145
10.955269027932891
7.4389965091269055
6.945056155987814
7.256705639476221
10.91157610321187
11.476018754874916
8.989605319369213
9.747001416239307
11.223807141571303
8.488503971912483
9.468745014113955
9.150258685438253
12.987304404882387
7.910755775587856
6.297668319792938
11.812487006264295
12.47438419855893
11.657013364377253
6.979621792131895
11.87361251890378
7.935973972827048
10.904995257235813
9.784515612662338
10.52447000669298
10.862319079778121
6.807307402458944
9.360405080890281
8.116290206072609
13.250483458611747
7.853461733942256
7.788949246514357
8.891324013974394
7.7393933012197245
15.309104860479195
7.660386469050826
9.697961827852449
6.4752482556220805
9.857927008293856
7.071103123907293
14.80979533027407
8.734685669719408
12.816826613542345
7.936218901375108
12.531812528261847
9.963826880057889
7.897773328113783
9.49664960839774
7.748161673313656
7.702233039960983
9.773858436411793
9.313344206145285
8.656205385977552
12.284979585435172
6.490442966963212
7.661365271465368
8.813458307519285
8.662466140585474
14.757090905155685
7.361682874161315
10.000770059294567
10.030144484788533
8.015539459164835
6.916921660905063
6.755749227039076
9.157559007876163
8.271792347130729
9.21305653899247
8.804739924124666
8.259809177299603
15.099194156007893
9.708910676403626
11.456725877784102
7.751767058366327
9.473977405195487
8.834634634113852
6.848073138638557
8.915077644878185
8.20167593045963
8.87474189292328
8.16180395455725
8.418743040505753
10.516782418463823
11.102837441136458
7.260939028200761
10.631790613262947
7.879970882632036
9.931627914650015
10.71469070408316
10.791978322512877
14.387808346719325
10.850995337689003
8.514186882144969
15.22223447518133
7.074176434204775
8.662776726988307
9.687543879864554
9.265299815321985
14.152381999207938
11.03209813468059
11.51483693135737
17.28762868478602
7.749511339493995
9.6606804081616
9.260009015133221
7.782001915669472
8.070457967552903
9.231330211605167
8.456301661837099
9.91344352162524
9.042012808312544
10.683376417016339
8.226482748105921
9.119024240088912
7.987644356702636
9.045836156388035
11.353606627680485
8.30368035259272
7.467658194663761
7.968201916361414
14.389292064417344
8.502369492289036
12.14211700373296
12.841432281991004
15.541518302728054
11.950762063580576
8.018267037781762
6.308577552097373
13.932371648800205
6.848821213234433
9.421666692837963
10.20470236086356
6.3621125734112685
7.298361773224573
13.144348755208265
11.006093278964048
7.534251334420554
10.658401431636483
8.694968757769619
12.792427792430637
11.401160866199396
9.66635449711838
8.526274638979768
10.67788176452708
7.04601360037203
10.518857857738759
9.373530015683476
6.207714043445928
8.942930243504563
6.854832321661637
9.451342232367129
6.265220570222784
8.079401122471198
6.453098040950572
15.384692965545723
7.1598387461117605
16.167726146743135
13.66467539449728
6.246621835587178
9.377215367130484
9.664445097092772
6.938407868987133
7.737189342176425
9.962834200505803
11.141001317299617
11.120174052964277
9.162814042725184
9.067463286974585
8.004744501007352
7.329870648143812
7.940134911714521
9.58380770963022
14.49917785634005
13.421292507749866
7.0647399027695545
8.719276358190779
7.817651710326297
12.965171443864158
11.71181593397763
11.630689175840965
6.785179118173996
7.640291023778624
8.016104175152233
10.436514767639405
9.101232554643675
8.762842859006005
12.4576474590967
8.858124731057492
7.375229554019868
8.321271727013839
12.017842490150377
6.984795652042315
8.301457657562013
8.522614283522758
7.777815466574945
8.543198994218674
6.624306922687788
8.271152645776308
10.765091821448753
8.227504015707584
16.241047460942312
9.294394364870659
8.170727533381735
10.411424201274578
7.754247227371977
7.399671857440553
9.502659820880142
12.71415942030214
7.720387798510403
8.025107171962487
11.663266716425618
7.223000054613905
6.531883666426137
11.82782549830793
7.55104253049195
10.369959839449978
10.921282369694996
7.731673806867428
10.354477483153266
12.911830916991777
11.581693177913015
8.921738952000004
8.214736497951039
8.519234870477813
9.648996316763684
7.888193792938067
17.74552036520281
8.45496942001963
9.730455043108348
8.995461789527184
12.887488289389982
7.233450077198995
7.022027006403777
9.199033978778441
10.130759400036165
10.091779124594225
7.391940001101398
8.691112642034508
7.254323274408077
8.356953721372385
11.700413258596294
8.089302302170495
8.714870357588559
8.32425026599448
15.348288478244484
7.866180536709498
7.334904741592122
10.263917244544214
11.648838012229339
10.624094111530914
7.378636796851782
9.236959414647725
8.20644535129718
12.700150849569534
7.848636088002571
8.289888178619458
12.39025077248051
9.734429617586178
8.510008597472575
9.797467833552343
9.039614301754579
11.041573733421076
8.08019286163442
10.950592992861552
8.83510469819945
12.325504241514148
8.907953228494643
7.172755007379967
8.926556311618345
11.840797322453657
9.071799208425041
10.77489191586198
7.018779876362633
7.675208050372219
7.6740634263900205
10.595293629432547
8.194901341810382
12.740740719768327
8.266310015190262
11.750136481099155
11.82576237076577
10.09659581492738
15.542195982774066
6.296318164989841
7.105429013566711
6.39922390212515
9.418243472477066
17.24208121499199
10.284223954745759
14.2885515838145
8.416507127098235
8.229411863136102
7.727422221670808
14.598129314608908
13.43163298809062
9.715757420207318
10.507118485214413
8.228354764235693
13.451035875481967
7.360810147122148
8.013633505642778
8.044620470671973
7.818114858792033
10.18654218561204
10.028695440553905
6.8662976591151
10.696530746642804
8.588819704355648
9.033122200829894
11.686924435203405
7.53250716236813
8.58860004578678
8.590993126441854
7.428206691832055
7.014163661714525
8.336733639970747
10.843933328365207
9.50315549638492
9.834844010905094
8.72828203406794
10.216320947311765
9.308642469471144
7.959927601805154
8.001315416254432
9.901090308064726
9.375510770013824
9.859538278917904
7.910396651898248
9.30185063418984
7.703609611879307
7.132555977190878
10.447558306952281
11.078150195098534
11.764628220428087
11.800257048932718
7.5283061173217085
10.053469938393453
8.680397737753323
9.30667158058926
7.512442169324521
8.208621944300578
14.338429636068351
10.206010013116423
12.146346470079399
10.497084784603905
17.223556888403692
11.336136927938382
9.061238568618293
8.200875151835787
7.502545863896482
11.034434731349217
12.427842565195082
7.389940689567682
8.597306053253337
10.499085092226588
6.916183084583844
8.227813153311219
8.54344472165813
12.939765105881786
13.155489628687036
9.522805850304032
6.901020465397919
8.784599854644153
6.154625529331987
10.94299961723819
9.764492378216978
13.20549339721662
8.787519535144122
7.722801868557655
12.269122381496636
10.823132280623376
6.468454300675821
6.691006317313614
9.887265399910223
7.5259425511356435
8.006669733814261
7.699901638034297
11.823392411103033
10.774096056333677
9.613772562389245
10.679022691440023
10.67934708607785
8.135323697524507
10.557356269072523
6.113098018907949
8.425827464237393
8.40005465635563
13.111052435104844
7.628446187647995
13.13414095166045
7.466933308089568
7.6811293513277725
9.243494916129148
7.751260333398932
11.386859374500837
7.108274260283363
11.108191439558665
8.600185544225237
7.471456545510634
9.03061921751892
8.448292297396222
9.07100464954501
12.864311035027448
8.797522383096323
10.412778144828208
8.448680508546733
11.257149697201434
8.465315041167063
14.397930153561123
15.659077523743075
7.89692200354914
8.995762995629057
12.261936211500416
9.045306583882681
11.944635024045546
8.928637418996798
7.829338855395026
9.082564141067964
6.943881325673358
8.886050179821567
8.546924944608804
6.530063541871638
14.569672578985836
8.01082743436028
7.087420297529118
9.04829072761327
8.759432266157102
15.395205180452331
7.2036199631038595
10.100234729455114
8.918370157944334
12.25286065155131
8.565636161945914
9.722290863396141
7.118793079821247
14.706681367901115
12.937408386976859
14.85327195301217
16.83020168472189
9.230151520629004
9.022619707606971
7.367630691126326
9.362444571727456
8.831811399611498
11.192321768804685
7.543780012981169
7.989548605151317
12.723458388671542
8.906478414060995
6.404035737934903
9.894582023721272
13.048359103600925
7.328460287236558
11.369040246465634
7.691491210932993
8.517029492911677
9.236169311093116
9.945555817332409
8.474713526433762
7.607451447976951
7.984085057119474
12.460511427846543
10.392364891173465
7.586833842269388
9.124423374461164
13.768698561958876
8.398951306939816
6.812844831668041
8.513588064933325
12.202888477937789
10.59130864267849
6.635224549269196
10.724011371265034
8.212613241670837
13.689253935660506
8.382112962104141
9.756103377622608
9.128320914844378
13.073668962499777
9.944161873718757
7.527066075095029
7.0988633457763255
9.663999384940128
8.775350586225107
10.157078657150688
8.189993656849913
10.528074778341622
8.002113980688943
8.278019301765628
8.607682902143413
11.562543500055147
10.754919464474321
12.094863237669907
8.206095542476254
11.139263192198458
9.606860066636385
11.38143638406202
12.320983805914933
7.089754041071182
8.280870948882919
9.850556657692993
9.748662158596435
14.028771763885796
6.383129021193974
7.21851983448736
7.628001035713029
9.238394933582098
8.679751874826405
13.213682944871856
7.707366701092905
12.797085222117943
8.684945356495053
8.53962335421888
6.894838581295031
7.32436269804619
7.204595379116616
6.260520935860232
9.217307235381352
8.312337369696609
7.189901639349501
12.055409071172924
11.056726350261243
9.839579863059289
7.647430673598015
13.104624629312031
8.997867955188019
8.835985552574556
8.703589679515455
9.886459505061868
8.91641838569434
12.700685829978882
11.115514089747771
7.939104947954535
9.781094220791575
7.6880592182157805
12.832616061387814
16.044040534733607
7.952782738326012
8.908815158764739
9.168357167411607
10.290213166910858
7.806045105410232
7.601244458851149
7.516862515039467
7.884842056976569
13.834931588184814
8.965987079713752
9.670983471322149
7.454761401664117
8.281819267238436
9.763482881685464
7.404791352520107
8.116627642221578
9.943640000899347
14.511529813534903
7.936767946145678
8.649845600256034
8.470850532689434
9.02291730766975
6.682639412388092
11.601968931474131
7.711505386100937
8.013512562961722
10.894034692900792
12.257852090627749
10.041236009211161
10.29880436030779
8.116761599709095
11.943082453846953
10.709967939710973
6.296893710847971
10.312611343975602
11.089003608053748
12.605810017837221
9.79119568069018
10.596922900851126
10.232444762989292
14.520428952831837
10.155251796929493
10.28958081619699
10.986338183293014
9.841554795070671
7.524290604656591
11.371467169437135
7.595039578384163
7.1204686375992
13.081224228171436
10.671445577139346
15.569200902979054
16.1044556465845
7.646064685197499
7.583230376937947
12.204254470909973
11.08953102065271
8.7590691036538
7.199033025883963
7.32673761418059
12.154238912363075
9.000618792541989
7.70527065769151
9.20109311030838
10.235196863207845
11.625536058311623
7.301733890012116
15.467567818625238
10.352458657168786
10.407467380973555
8.857271709357486
10.876022527384617
10.879898492964816
7.067289588041015
8.827321698400233
6.837200111856595
10.690717137463084
7.631541380994402
6.7799950370436335
9.924569960113153
8.687174834219748
11.239232113183562
8.762009794758683
10.38714025870904
10.354590655994384
13.682805358216985
12.415897812194645
8.144968124667244
7.906411977124817
8.030204633258545
9.042353479462454
11.263780531494
11.870613478580403
8.42638796419684
6.731100751863953
11.051080550098233
8.39299196361694
6.705949622820139
9.736970351412129
9.318483880601852
7.07579517098207
10.141982686621356
6.73373919824061
6.799420311643875
12.756041207965923
6.094474512399716
7.756480636527828
9.069132180787708
8.763950017440262
7.363315088811193
10.612425381384037
7.013596831568667
13.545688591693139
13.844341302392564
8.207431710862396
8.91294503758168
8.01941696878335
9.73084904036529
8.76714720049891
8.90985190044171
7.21678219398518
8.321954216768876
7.725989042487274
13.018715343546903
9.11854611469135
8.299944118320685
7.978000928373375
6.700549359429343
9.305686208538773
8.67953674804954
8.484773578867596
11.27615292242489
8.316480908825033
8.139328666362859
9.249166059219121
7.341505462161636
13.637978496999303
7.758604302947808
8.471039492550851
15.144400597665356
10.738371626167694
8.729529072459892
6.949733159203908
13.038993980765746
8.969299880369471
8.863492029726379
7.971040677814786
8.178411873272962
9.038520366096229
8.83162333479742
11.271544853515941
7.31835179983885
9.546059418492245
8.924420864582029
11.379575672060353
10.545880556419407
7.879880847446163
11.826575879737916
9.549062499568967
9.559847620277754
8.738558071893475
7.902979858070385
7.515117912200042
9.752320849188756
9.33371145235506
9.983336701785088
14.026783207415681
8.72280791839057
16.076993795084242
9.829476064898133
9.531339786544587
13.049893512868934
12.217529861170172
10.252669054551262
8.526206384783336
8.694760435922442
12.098722348033997
13.605264269786947
7.929810952425804
9.842890515724264
9.756627433099618
6.516326565705841
9.917402363449215
8.095854922279793
8.191408459440446
10.419237710046046
9.13429051225304
9.265635102920358
15.50245257412196
9.485923548199164
14.860162159042865
13.67265002087358
7.115050002792658
9.56615062244285
7.936701104894616
10.451285339714966
8.608980946316404
7.414531154685944
7.582092260667784
12.392408933522368
12.043515630676762
8.708409783898391
10.596383913347012
11.951166735972366
9.464815678235809
8.056010396907997
8.909742967280009
7.970547233861433
11.179665232377728
7.5275341516906025
6.906259119619246
9.332670022452849
9.686916699620122
8.235552164948226
9.287151288107244
9.268294893251898
8.095411075754653
7.665067222639542
9.625544398064175
10.667221678259764
11.363827195582957
10.325649768759941
6.707898878871595
7.648841678538306
10.177352811731186
6.917192254789089
8.228636129161792
11.794075442769248
9.562202525855797
12.053810621375947
8.73979616658945
10.786274465742345
8.79451269312017
6.561907514434011
6.353825928043345
8.110579277397852
9.299320483153428
6.854871740208588
8.216532658822953
7.536017768925095
10.625349013200225
12.138778609583834
14.94467729543186
12.023944483043532
10.752312419189652
9.585703243136305
7.216669062199869
15.967841476947273
8.254837093770869
8.051622710621727
7.439790703807921
7.540185102328481
8.112376606808295
10.836902035549494
7.833550627323792
7.98355741996262
14.64610137054962
9.319888393300946
9.726378072420992
13.048730847815913
8.392325162689886
8.575117505311571
7.372081485091071
7.351963617582712
11.371586423488239
9.505747095479368
6.496577368443678
11.467384338050335
10.0366208415004
7.063305820187541
9.909005056069828
8.799696469136459
16.565143808455403
8.670005710643762
7.93232947353526
12.663420562960802
7.689368316256883
10.579937511362413
8.87870884632129
9.583173990882463
9.922227376880594
7.210355512587178
9.586469529087053
10.961907371882708
9.309621726795186
10.223263000880962
11.777310683820101
9.216517658617423
9.244988972012184
6.931689013469311
8.366548531001408
12.487011773448423
10.560428443622243
9.464468309042863
9.252739504848897
11.782890810503819
11.397724482299525
9.03731235150566
8.580767715567001
10.978262613093639
11.632307415518428
10.065507440814535
9.94874187104883
9.623530687354263
11.82423355646538
6.993522948721042
8.35202485562597
7.555260434024527
14.002355507359795
10.339428503024225
9.16972566167594
6.9107500056533775
6.327950907194377
8.380326401608427
9.582398029177549
7.89537366632335
7.435210197936036
7.284600730426916
9.08507812258678
8.65791953849056
12.531429521430276
7.833203933156138
8.160252489092349
10.726488371771506
11.108205835300978
12.190868362326153
10.79292113888343
9.430707977917892
6.069310105229361
7.883460036595021
10.490761922474087
10.189713789620791
7.494827320011305
6.456069905464126
6.889695553157005
8.837743015224827
8.75442694348035
7.103198463720236
6.724130337404533
10.058435037150272
7.233034716155625
9.722195816258276
7.077854909793919
14.64995876850493
6.930851205559961
6.848703167616532
8.9254515051212
12.394928022997274
9.35159908447845
10.265456726708562
8.425610541974121
10.864141675167353
7.58666084629286
15.397058049902721
9.11183778579912
9.055829642537729
12.401133684083325
8.620507996957919
7.397928925137645
12.618620288470074
14.317454719259768
7.7595116956533285
8.341791369109949
8.47894069013961
9.564681076071256
7.195780969701845
7.472677400531191
9.58294083204842
13.733581789087435
9.623561043717965
10.997388608978195
12.113703256668172
9.855160350850278
12.874376129190072
13.093420170835673
9.052936594087093
10.409257901450813
9.775084005985825
8.888511401491098
9.85275333823599
10.273651844317417
10.453943323249343
7.243686091321876
11.424375237412798
12.342170212926433
13.76497964350691
8.051019129310909
9.426033626118157
10.434486208797548
9.231676775609174
9.131850682674328
8.84310648898311
6.92431344566647
9.043826837043655
9.071844015085267
12.306970298768114
9.751604951648293
7.031997424413743
8.83432764508972
9.424636911936036
7.91857209140619
7.548959721896324
6.472624573750703
9.312137735208433
9.974262523808703
13.254092514007553
9.811194463870004
11.246493202838188
9.611628789284529
9.298094587966562
8.657236627383012
11.948720869516384
14.237216225585842
11.220164180922406
9.73780737253724
7.889926409341392
8.446281625400559
10.803222601301968
9.937961173158648
14.339194930680348
11.794967297142618
9.366317131321853
6.435823452348037
9.41351697361705
9.633301939472679
8.721892429702637
9.77688178087857
9.246242699385077
11.035699814496017
9.412038823823524
7.934272486720012
8.87252707266792
12.83340106517229
6.458971500649449
11.255878382485252
14.679595802222785
11.05589306740225
6.7559982285772655
11.201268182691937
8.948600580555377
8.10920138917828
11.556234434394232
9.162054759768887
7.440976623221147
7.400906791993074
7.660928007365385
7.719060835590909
7.902193323998795
10.16217475959682
8.778856222331362
12.900870357218649
9.630183820948774
7.593506438280992
11.529823040275977
8.326295686095323
8.189412000218384
10.581158988438848
8.030117938788285
8.043481272317868
12.616438336001126
9.447887003691342
6.693727423312476
6.778531261738863
8.160210315820539
9.227192865452457
8.68910763878279
9.551906279242765
9.0035708161857
10.532745691946095
12.886458630064924
8.237603230897822
8.739499976306245
8.065354101978606
8.092941134419032
12.374302012027135
9.366150451284545
9.545066740962637
9.36180716580806
7.51499052735444
7.411469990958007
8.295396870450926
9.042632394687997
11.455835589920799
7.948036444219819
10.440033491627442
12.372611931239621
7.465273104781785
10.762980513265013
7.5503533061990415
11.03234425915418
9.40587822449835
7.625199097125592
11.78018103651326
9.372324494242035
6.825743656239167
8.62855287855235
15.504013515365381
9.098398267422347
7.6399485780527705
8.143641162215225
10.209372680558143
8.37117764471429
8.405851705645379
12.098162067382328
10.058256864969858
11.52894277032809
9.594590697692517
10.51099186974779
13.264458370160627
8.403196968275925
8.600931815396288
8.300404552495216
9.520147541131003
6.593895701054748
8.232804689698273
10.68059479520375
8.28988703324885
10.208919294579557
11.479994515113733
13.748883667028926
11.972592341611582
7.5639729313983795
12.23897329700806
6.59721171046128
9.042676005138652
10.562576310946284
13.09577595746492
11.732460021153624
12.109982049642717
7.0350489264202665
7.126900239471767
8.23473119572826
9.641585314451465
7.809673738731183
12.946770575529264
11.410007527435523
10.812640192637998
8.938617175066245
7.374877520697286
7.361867440742489
9.438628152029873
7.520468207638456
6.990832338984528
6.472634116484903
13.492735511200769
8.331894152912753
15.03792564848548
10.411476593785943
10.036777540903634
9.114865073918265
10.59203721241589
8.00485343157838
9.567499078065158
11.455508237942363
9.640263911864851
8.338442945871831
10.908731912640693
6.984397244577683
13.32114399320385
8.852098257110374
14.955580679084727
10.681385140662272
9.538102547107894
6.324943553392644
