3.5468960846346156
3.8140798792920005
3.279000656783832
3.3217091965394436
3.2438411620736582
3.4531028632726084
3.5719386357611422
3.438190306240184
3.083765081859829
2.5908221334971193
4.073810106267374
2.5259401422912604
2.98199530872498
2.2760863969013663
2.497060439641617
3.9547771235917284
2.477034688930475
3.359747293247591
2.831651521106564
2.854595606330142
2.947236798491329
3.4807845897312326
2.5538867986271327
2.2770917849018115
2.455286873058354
3.921478407817023
2.8014967276417098
4.635249870097122
2.5257164236731025
2.7946006266519294
2.2303171998010702
3.7167817279045687
2.5131110048251313
2.2586261733139477
3.2942637315069647
2.4592888302339393
2.0434850206587822
2.25823249948851
2.6234406432781396
3.516160802472283
3.052469819467777
3.935501589188338
3.398013962779175
4.348593077938529
4.7386193369155185
2.1025054085199546
4.316924105236537
2.637992392821337
5.131245720220367
3.2491864443291707
5.406098944585323
3.9018779153124714
3.027747336301434
2.1635874790163565
4.231209954683036
3.529524086619463
2.8740255676188524
2.6233040339420564
2.2793640209683255
2.9243723675470115
2.617521479381259
2.6823788498004197
2.483743382117503
4.350416160809943
4.095610945356427
2.553526055605328
3.2853281188605434
2.8217554902779
4.072845558035843
3.474234986484357
3.7333550697561835
2.6070936498020587
4.150895282389903
3.1602437959542247
3.2897454850025163
4.049571889383785
2.5861860510003645
2.4696125494843466
2.9033689144419763
2.3121291055898494
4.438672197844049
2.7301365163812967
2.73638239302113
3.10859213830831
2.630608391325095
3.222155368465281
2.812937939275421
2.4570544757233392
3.1073848502869743
2.617417684504063
3.575949167167399
3.091930514839411
2.440534346860131
2.355728326415999
2.4972455381713967
3.101249757133378
2.700266016706636
3.006115792273591
4.2107505936631995
3.9951320647501714
2.3824345010187487
2.861732121555124
3.464412858237612
3.0849374279570703
3.8656864660255126
5.030390686131037
3.7477616493549224
2.338204618936168
2.8241995112440326
5.539362664935677
3.2450301146907217
2.5856789499488833
2.53027569757487
4.0506613514788565
3.351948753172829
3.226354758461908
3.0662791571207437
3.542550040881028
2.477638486777339
2.868572204998305
2.887760266613429
3.001300913881122
2.690644615219658
2.3960732193651757
2.487242003050602
3.2138261371481023
3.5293424235076793
2.660986583837842
3.50046640797831
2.8681657644930922
2.2022160680070746
2.5877194855147874
3.1148528800474824
3.38246495216659
3.816994940954905
3.5036856437181485
3.369894630696337
3.1972605871289477
3.166422913671649
2.130126215303572
3.3624646058569425
3.4408992859101715
3.5024292557448735
4.420112543432211
2.9090751119315135
2.2905775527141112
2.5111710490437984
2.6922189353718937
3.8531851680884603
2.3677654308457012
2.3921954146159075
3.806361267076764
2.582051018660009
2.3478344064567014
3.443724406311957
2.6802638237286973
3.405345222831319
2.958155850145149
4.277889414847471
3.5467602207432627
3.625988912934567
5.059696833085156
4.135614519922013
2.0826885676642606
3.25228142121229
3.6057915502722158
2.7860730523213375
2.495003547479211
2.098476537510915
2.493989278007562
2.9181816285000126
2.367523729986286
2.961724157846076
2.920883631557986
3.184481638836155
2.5338017600800544
3.8553996381964466
2.7591746811877127
4.025073254656122
4.484520779624969
3.4524916718708187
3.177362436490483
4.262979511481021
3.0137145106234944
3.251666113070511
3.4926518098572417
3.6588518266848236
4.655718898866612
3.523622866879466
2.8852092106072407
2.691374440967886
2.063361640477048
2.582009017322225
2.3777320636772497
2.8396946911718435
3.1290065951636508
3.3494671583907754
3.619006224509756
2.7090378242633615
4.358558247045987
2.4513478940674527
3.42568171922633
3.348879763439599
2.942794141838558
2.7583667930887468
2.7210006969843286
2.534887016283354
3.169541969489989
3.4057163473079144
4.357998856315833
2.9462937784882057
2.843717261705025
3.8963209768440343
3.938949434918314
4.529817409854934
3.431827939128981
3.5432653067732534
3.109456120365803
2.8174324878609744
2.8081476344304734
2.934254650170091
3.5781576376430775
2.9745674483168907
4.061001659596013
2.401611769690875
3.199212567146806
2.969232074931541
3.738381344430345
2.6470743166996775
4.372021742355593
2.6901041693521006
2.8924221432269595
2.287376533133183
4.139433791688238
5.404248604082586
3.388748023653913
2.5876750675393976
2.8874978849077997
4.139111394870191
3.737540441744888
3.8023305244250305
2.8925076194676755
2.8514013568393355
2.9605286043559937
2.899533624514165
2.553834294887415
2.5495469391350483
2.5331842920281873
2.5629228529039048
4.236730419103021
3.8511744445306677
2.491775686698079
3.763658788199726
2.632215527913198
2.942765996986313
3.2707860909167326
2.636749057164456
2.8412244237712745
4.455591012983816
2.7740002572422906
2.715803641602998
2.518304717557016
2.3643337417851225
3.0437110385963866
2.7518730968217655
3.5545396417960067
2.7476705592457535
2.6685326232783124
4.476242009814757
3.0585060085115163
2.0166237691578837
2.584185439768926
3.1066006721130557
2.707567787344016
4.153566491019262
3.153485831703507
3.0785716125527323
2.9905146855204663
3.541412779341475
3.154065037872436
2.413923122341969
4.697026891574927
4.422885987655873
4.066643337689387
3.3470564507289025
3.0017519725387727
2.3824256086611015
3.815203496913787
3.0833262759420794
2.580841638266655
2.6504475766648588
2.179400315482725
2.568881782029867
2.4832603420343466
3.1698690004087546
5.224054472260793
2.7933443356959287
3.748164102370608
5.756645303436132
4.600937318286939
2.310487108444638
2.1982622224203916
2.381220740750148
3.981791268529016
2.2414308696957237
3.0613995831088094
2.7101143772154903
3.4500496634649056
3.3119369327721513
4.381319368608065
2.325641249061604
3.611224045455681
2.5675576847835964
2.411999698500038
2.767536994012941
4.458366436704126
3.535098490495269
2.441091776669721
2.5979976625815033
2.843061309858997
3.2373896926907837
2.964379277506661
3.1147793059461866
4.379852968335854
3.0714206661768095
2.216654396868843
2.2603222986031173
2.878664990324087
2.504447794931808
3.550389764747032
2.4319039534125024
2.3828551664489868
2.9714847409801317
2.322170235281127
2.71393263811124
2.837755044417015
4.189801353138245
2.306256308331708
4.105152383598575
4.069007657194243
3.3189618597072608
2.399839402747168
4.900230490508172
4.179652323980735
3.398702273510905
4.110419289485253
2.6099086923443986
2.6906430466474096
2.5014626260429687
3.6472401485764063
3.806383241255865
3.4052002743002325
2.3333997315190267
3.029528664415626
2.305968596166673
2.886084373810843
2.3468257167821784
3.1789992764597645
4.41534340664496
2.8727060843436085
2.9112477025403547
3.254278413389576
2.1123917016381917
3.2495118150083253
3.481242831540803
2.3076175763846414
2.5360882183358924
2.5116671123480425
2.4874704042844193
5.291396313060877
2.9702213037637906
2.8637946338502527
3.5441250958021318
3.496383282859156
2.341284791735889
4.153549238976325
2.584341380814461
2.469887746071829
2.1522165175730636
2.733893471653762
2.4883936137700404
2.852753420546443
2.837378355087592
4.415432761716314
2.425089882925148
2.513302385924032
2.2039208633727747
3.047487318770373
3.00502620683355
2.7125678967046913
2.8470966731675373
2.4079278616918343
3.3832303421630003
3.691834001606563
3.0499211087073217
3.900147640088916
3.0004467665235355
3.5409678173238306
4.047932103764962
2.6112942305368927
4.335688672117302
2.444467005969551
2.1270544199428656
3.536613766587381
3.394821663511274
2.8759328327804194
3.441849296448717
3.3622264394503927
2.2137581230164725
2.4349970437106725
3.258022337001143
2.8674328447227766
2.2761721385528744
2.433495409535376
2.6429799281532333
4.092036726029616
3.621794146275211
2.847923721211051
2.6620393324297487
3.5691069523348142
4.1294315252502685
4.220569494103548
2.804795620853899
2.5188965520252475
2.867908987481864
3.2960104101192798
2.5636434089945683
2.1997905506090416
4.516098876372019
2.508852381091164
3.763707894615677
3.858336791903563
2.8383940480012173
2.2021353225368507
4.02361918107547
2.091184569623063
2.588357241270183
2.739421313684012
4.140518144440596
3.4499881665405883
2.9332269940773745
2.868754345266347
2.2090585242929435
3.5778538005453844
2.847537570529353
3.039014565085106
2.4919381647141225
4.079787589938917
2.567029745927803
2.937241143385734
4.089221636426077
3.5385606090853603
3.021181351395567
2.479489251662043
2.3850054706062984
4.468811050475965
3.85154625780877
2.092303649333256
4.102706610253539
2.9369796131028645
3.1927792105374486
2.902202312039472
2.589774981357937
3.0484665019512476
3.4971224219577786
5.2075029355128
2.2301766013662285
2.632187121129566
2.9112708687174047
3.6806196298609404
5.212035597855664
2.481000087827403
2.8752243214075257
3.3200667156339616
2.6319273314336082
4.762167059042775
2.777796296419754
3.6734834069672875
2.7042082889392476
3.96813481923228
2.896198507762681
4.014977471961404
2.501354692011949
2.4357384206923776
2.951009697804803
2.3612172893682017
3.629300577524553
5.633121024131445
4.676958209273769
2.83310851830266
3.698355698728493
3.4172655519470494
2.7282470835152357
2.994089517587806
2.505198809446019
2.3876452727946407
2.6377803922089282
3.476239411157488
2.9694592599840273
3.466097579658721
2.3604499064730735
2.6235538643155656
3.189188226686436
2.611210247642392
3.123981126572157
3.306734329799353
3.930190128842768
3.177058755253796
2.255290545134171
2.8343594659386517
2.76597436633256
3.8493697972158407
3.081875097046963
3.0825250524517327
2.2471003697716014
3.548230326038605
2.1556120533490994
2.86688357189229
2.982200883139029
2.7107268204055384
4.24804655349257
3.2964738114110403
3.802168123002673
2.597208762428293
3.6801882097319636
3.137394177655259
2.8962927356440664
3.1985307229271163
3.2560566180490382
2.8724758597128743
2.6681190721064514
2.6413459030876103
2.999384226418316
3.0527431593876884
3.1087124516109474
2.805078725936983
2.1609955360675377
2.1770800639335848
3.179987785666915
3.357479768246602
3.433178361569413
3.0645307432191893
3.842261831957142
2.851969655803387
4.463469072139256
3.267669336479591
2.7753385635513674
2.946175871084772
2.7618406784332734
2.373654335796132
3.0309712216859928
4.3514147428397285
3.9567751333037537
3.374083071837209
2.692336721220289
2.2856708362001044
3.039922234736006
3.2091186893616963
3.76174204267734
3.0779833237941503
2.856946272030329
3.9968826979544425
4.496466901132435
4.613367863879198
2.3613352138482235
2.8598176036930543
2.91799216460744
3.566430049883657
2.4576468596577556
2.978900743920883
3.9196689970187655
3.2045862329052683
2.80324670164153
3.3765319325377927
2.52842486842393
4.8627386652398314
2.5338113903436956
3.2679047959117202
2.6844515759386165
3.418522535071477
2.5484020117765054
3.1739018934229137
3.0349331426990664
3.16707926671558
2.6236127155838966
2.877929180302455
2.8396309880600143
4.419843594994704
3.2295057984161857
2.9881064399371184
3.666266595508506
3.732388491627973
3.6882921068335937
4.082188330533973
3.6005207793255223
3.34773734523201
3.401245241232752
3.3671671904575837
3.109043643148323
2.672482106507409
2.6545356745925055
2.762930734569803
4.393910567223098
2.985492001618137
2.6030796775356957
2.3699385617127264
2.889855470621633
2.7167539499338473
2.2828061211619897
3.8025883712030994
4.064843466942931
3.856766381647346
3.0273111906374552
3.3821429167329935
2.5843232368131677
2.773561707171608
3.6266030189777725
3.02014770737064
2.4155566680535987
3.148213813669607
3.314805595767524
2.30759663118583
2.6143249758447262
2.728997577787233
2.708309513375009
2.796426707310554
3.526748654560083
3.7954231498292628
2.5053240223244413
2.0924694326834103
3.0418047392534557
4.021119994509831
2.6952746713988502
3.2199307704151257
3.586103633254919
3.274806357971048
2.9570729118075185
4.9102460221483195
2.843427112560901
2.3519242228830777
5.4470844344387555
3.9182337751490204
2.2870918555934776
2.348444871548285
2.8013395071743474
2.8320565006600105
5.3242664624987945
2.610257153398853
2.5517812773000728
3.3001639356435035
3.082189511401558
3.279407485400624
2.5446721435927953
3.009388238016729
3.3491792306008703
3.127435979430853
2.1660226780408367
3.22407654387592
3.189820305194564
3.193839891954525
2.974486638308572
2.2595048897568732
3.614604375225574
4.901982410706713
4.071171956736199
2.2003958438776605
3.190118289586178
2.93549326928087
4.178485396541746
2.687032582285335
3.1355688266764163
2.8742776580960494
2.4929810119608247
2.1094543105380428
3.0591233714884196
2.5417037455351266
3.206827206850296
3.184472174002532
3.1296480163117253
3.2215294382823148
2.151853658744773
2.8667860428228074
2.6881716816973547
3.397549472142558
3.162108995999827
3.6722108686302675
2.259239782380987
2.367680965407708
3.9131479422972424
2.687168568547543
2.2734923373456435
3.3341563142502335
2.9511034618509377
4.973969559306298
4.464700293598691
2.3648115101367053
2.51295648954051
4.303088003528533
2.795647921692038
2.393447506630049
2.800324016157496
3.962385078450272
3.3480917216423327
3.119771620238312
3.2842473375427894
2.8224939217593397
2.7233274922497506
3.060524160670377
3.28482378562802
3.7908296041047103
2.743194101145132
3.596932320301308
2.4716904929391217
3.763790764598411
3.07817155173347
3.1626008533645886
2.726152402551297
2.943488696390179
2.219276420458044
2.6860839497037943
4.298936586386414
2.6352088319551044
2.973224036296326
4.496142085283722
3.067080736197523
2.1591510218182215
3.468383917496858
4.128450404030798
3.656092576651352
2.883460475518195
3.1882815773385444
2.677584427918691
3.2470363081976465
2.2798066769534078
2.7685207927216324
2.707456972755357
3.5242094096978605
2.65558602742167
3.605544100942254
2.7802239887456532
2.189268141890409
4.832478508155894
3.7268006658550528
3.678306811617295
2.702737278260677
2.264982320114255
3.773636170151745
2.1570582126378373
4.101802639715089
3.181986224439171
3.2510300753334103
3.4722597981818435
3.1172228536907554
2.8772503154545315
3.2445347434513936
3.75717150110273
2.7005455507094265
2.8407120434117616
4.043544935409424
2.9678903938291628
2.6672465853464673
4.413700567932921
2.973384344715151
2.192071496603933
2.505075387112431
4.114275934064065
3.940346309156419
2.6083638229327866
3.9177223459243056
4.511270394043679
3.0576573269164653
3.8186811280969586
3.3679309654982417
3.7670920027462103
2.899565572588087
3.7748619485799635
2.7518405341432546
2.076070402869074
3.1487510951093913
2.788969551053064
3.34711395935633
2.7069336888319273
2.691228613142615
2.710399872069126
3.3236294432355664
3.6915761922868198
2.5711092763865766
3.3939740330440706
2.902306617858899
3.451250284440544
2.8295233408559355
2.198392542700752
2.7385368271586175
3.5862635347827223
2.2848769327202754
2.5952232839280676
2.9198886218218165
2.4424628020039103
5.521640413107049
2.8865435401897788
2.260408304333237
3.505221202241799
2.874680874489421
2.3155105399724265
2.2773071617097216
4.419865409205136
3.1108342007808094
2.9899692511562215
4.999346335466638
2.649111300424454
3.172260569271676
2.9803051007872123
2.6971328803198977
2.6904465069507015
3.7007344354202716
3.087818484031398
4.140306428219059
2.2112872430065
2.808753780758136
2.578201248287698
3.0295092376805512
2.598469319677857
2.6137712550244854
4.1609840338881625
5.508815803837679
3.2782104074547815
3.2734679692523154
2.569464289392596
5.304998511063751
4.891633203819191
2.4605474791957636
3.005066542190133
2.4850463372094396
3.8649551185307653
2.590495730215413
4.609144188702666
2.3228498859422633
4.465926875955383
2.473155647267495
4.255785474365808
3.552545943892511
2.7347874258849814
3.0603561917968074
2.723826715047277
2.952474461464968
3.502858858257167
4.380522241481107
4.368315067345221
2.68099545539992
3.64995451852507
3.453977505510965
3.8656274399759867
3.266914244317815
2.8053031263279897
3.5955140209765886
3.901528794550501
3.504064188849437
2.9491116047050125
2.774119023021859
3.0570062890261878
3.3941283954648336
3.844287395337674
2.9080503557999613
2.571198081886231
2.917552731483375
2.9809768959385683
4.2632572735077074
2.8349785895329473
2.6818119913021685
2.336202969313974
3.551560129333614
2.2284793796388818
2.4065081606697154
3.565729983076451
3.6625620537206287
2.9399427034566523
2.873700572469891
2.6022155697063076
3.3770815486395422
3.1238643451495243
4.311551566444171
3.460538698598672
3.2447884641280527
3.4600451858834305
2.9792909486161685
2.4077668780846504
2.464924939749018
3.0165287677298993
2.9838681643496683
2.79235087601399
3.9704497950519984
2.8993667493082835
2.2665391058457893
3.6515123225152006
3.190431597864389
5.327176537836005
5.73393947444622
2.7666553110836456
2.416394073922408
2.913876164828067
2.25461079179977
4.185671942659643
3.1994650494437327
3.249403937465221
2.4513699276559873
2.2760776763098134
2.593668837077568
3.6524808167141907
4.371177678318915
4.365876455155718
2.4307822597621427
4.083295415398406
4.090077689662356
2.6886173753779916
2.952890761940309
2.6677777664644236
3.5632693209816164
2.9834729026819486
2.613021338585506
2.4670816270551357
2.7713972770744615
3.100929999916275
2.8206865579288865
2.690408143434985
2.45115691951181
3.06738555277764
2.936669834028231
3.1355018080609884
2.6558217072524912
2.3463056400964235
2.38718634758579
2.9011743953952562
3.860119064085825
3.050696474005016
3.9674389639271195
3.1825739225727507
2.5278848875373505
2.638249901098607
2.3635041864552693
3.8151088867048095
2.329452258807737
3.3619381977142404
3.9729189949627357
3.1959647323161144
3.0052351195783054
2.8990289943969016
2.713718934702495
2.1986634617970866
5.704563508192467
5.458650856230326
2.98068886203509
2.4859990604580884
3.1541767924503303
3.3515285958843566
3.1360647551376317
2.4372604477637405
2.5175494173971056
3.560355864689387
4.461228246028708
2.7895299642010323
2.901486552456096
4.3708805816418215
2.468373146272337
2.3497673319132124
2.9550728455007143
4.088941009256953
4.684371352289786
2.4045242566603617
4.013699022343192
3.4569169624347205
4.08809545920929
3.644686554222822
3.285280808555791
3.4544726698531103
3.8526863722585007
3.464592099713733
2.9518626474695235
3.022009141476919
3.0277323631940583
3.676980679182455
2.6218024988312223
2.5973979873022732
3.763429563181867
3.294548806599113
3.231316193175622
2.4297040061688566
4.5033742657529725
3.191390055149879
2.616073548291737
3.0510210038387946
3.3507318221681737
4.221385199710919
2.4312521909127813
4.395454338335409
4.138800182521088
2.8536001804616755
3.3814820686487077
3.8754172209589792
2.5301338946857066
3.379925036642612
2.473176137708426
2.99225275838327
2.9932082607958415
3.844521156880491
3.8478893429113277
2.6666186675306514
2.3130745653125713
2.682100186365731
3.2351127927467047
2.528574685014398
5.129790978971875
4.207778415022442
2.3116258057268064
2.77040618864416
3.6103700659404003
4.299524357952027
3.3175610949610395
2.9190341655434873
2.5916941386245367
3.1097473371751847
2.477529529777696
3.426548198712155
4.00978628440572
3.3564493867291474
2.2970821734823073
3.5643446486028454
2.4301496024396756
2.23195038463573
3.941111388156645
3.293263645679082
2.512222696148382
2.2501515195779493
2.4424562398345477
3.2336534506531542
2.8943005770704726
2.4253918149736498
2.9310647283144813
4.376729948102925
2.118533203876831
2.8664954126757287
2.987565602583766
3.5554512623185275
2.6763676071199405
5.830094149218733
2.2440735140530617
2.3988561294432365
3.0762712229388107
4.716128373014313
3.4758934335101275
3.088898657816904
2.8137315351212786
4.061864085559646
3.424645610537543
3.8431428915115347
3.31793608228393
2.7958266509193286
3.646483179684713
3.9528954530963594
2.5322932810915604
2.8278325078576034
2.6525517901895195
4.469877384558527
3.0645064824271753
3.8590177333441895
2.7191629473804806
2.593866068751717
4.300499710898906
3.111961852326829
2.888456893415507
2.95140700212457
5.535582865046088
3.788550872976835
2.8277995887531064
2.8579909999958084
3.485211087618207
3.8824063128444304
3.448600109757446
2.917522230060632
2.0325157809606527
2.5568607477385847
2.9666707886909127
2.922690880576074
3.1098953033013506
2.4568643212648196
3.038565011339165
3.4109830356464217
2.5422472771048685
2.9858378723874788
2.2996994369492554
3.2717129822170947
3.460519937353054
2.1694279084823944
2.3293827131927736
3.557083784144299
3.643270393813241
2.99317570904217
2.3880689211019046
2.516580490562068
2.8130135068250035
3.475521755462868
4.981662500336262
2.8756294573155223
3.1555393758195853
2.4059714286080913
2.3181798424603617
3.2194971027477277
2.126034590441051
2.1774378894007436
2.9190800363581153
2.6165221248968056
3.524060996327224
2.404931841826671
2.2407816204817297
2.36529161621204
4.035298911740413
2.8509856784060594
2.8478076081933135
2.357025300505994
3.611407062575994
3.042296130412283
3.5980444628344492
2.185036064566505
2.19404908797219
2.4273382367183944
3.2511252008856717
3.536726338902911
3.7208649299364236
3.227605407809826
2.425106153969585
3.5018305235423397
3.1358016935733257
3.7926317887397905
2.7434763219474947
3.442470353445316
3.0266105654132263
2.219115132279234
2.275913638029364
2.586658558354306
2.6834861615973002
2.423780975516904
3.7401857525852167
3.612759616669345
2.541126544925529
3.482216465602521
3.104696578003432
3.497642676277256
3.2990739169607703
2.4871006524659847
5.464741171186933
3.033215223302777
2.9839674413344546
2.698729249358355
2.9641894786983713
2.356645916268449
3.377265173967995
2.679492982765144
3.4306099950479143
3.7768757759119174
2.798751570216246
3.2872295733197934
3.2663287722136896
3.247437176704098
2.599051476163774
3.121539805641486
3.023294636337714
2.8043914526635545
2.4364296916641375
3.3514623240056367
4.360908813396712
2.9510260988256345
3.0043233715478257
4.15029548028672
2.447863466009029
3.437417179729826
4.716118364195481
3.2683747483623806
3.517723404457401
4.205920758770536
3.2767421755492774
2.073147627909667
2.8492904839301447
2.171065093778252
3.052561755613737
2.3234912438651603
2.953518704043249
3.245212999825678
2.780719418458879
2.69670447880815
3.033908938335649
2.401959422418432
2.132562577827427
3.3851815258457485
3.8528239240844715
3.9397649339252174
2.6858634278734876
2.3077788493991602
3.4366536524411355
3.0553860523561784
2.0869163803562314
2.267181266432341
3.1099159358623374
2.9905304852185552
2.2885172616563625
2.7063026948144397
3.4248549716621794
2.7593119765958836
3.9881514678657353
2.801991786521476
2.211829409265339
3.4839412084921064
2.7965479226006886
2.8400487390230933
2.57950906783421
2.7161416085778285
2.612829034104604
3.8838769973565688
4.257230071569005
2.8072469829463955
3.4221889484058243
5.130376110437844
3.209421835494023
2.7896232153559835
3.1610574580145716
3.7080666332157852
2.061571371618065
3.857860970406348
3.1442513338438203
3.6669535854127613
2.3744042075708904
3.41352441787888
2.3239494063819834
2.8407597896133296
2.8307500223157462
2.1327394270153817
3.3795709330539103
2.2770125413296753
4.632139419985119
2.320183910151033
2.6055540337189957
3.0025140049763666
2.938248304508301
3.2317497436414513
2.456967846153191
2.892327888172577
2.608204289165872
2.598298504224509
2.3886308813665766
2.528198685404102
3.360311971363421
2.9373123210411873
2.337261724931875
3.428227430436123
2.1942329122649133
2.990381289064659
2.140470670949796
2.9131570407218565
2.86786512200902
3.3289660996956543
2.070117787631998
3.174209001665243
3.633469632853638
4.072853022681447
3.550870090411662
3.9702729781037465
3.5321591612110996
2.9081381677769857
2.6817720756549357
3.258209697398662
2.3684418388250856
3.4374538092144387
4.359627092030637
2.5328450908565308
3.289982693594371
3.0194813919929997
3.6169105760454543
5.00878373708026
2.825806812586935
3.14268151185608
3.660056401469147
4.651578548067126
3.1301134968720254
3.485484207242011
3.1474438978616686
2.878986688813112
3.0531563683193506
2.743690597669555
2.0608862745248904
2.306040030010805
2.8843330527838718
2.746076108963934
4.202182403431222
3.271194807174515
3.2376871970030674
2.8714290370102793
2.2927823441085695
3.8853628860941756
2.3618872644440625
2.852259652795383
3.139766715333051
2.913384779176602
3.0621100020148684
4.5261143218025035
2.601284254036218
2.2912974574961456
2.4473840971918226
3.795091858300884
2.861863432735549
2.172802788488186
3.9496566234359194
3.546388954464248
2.8849438243738517
3.1709446762111395
4.832408839828843
3.0451116543477523
2.9716676746398325
2.676477324036559
2.6726222192368043
2.346215175616943
3.2542251096117933
3.9944852137139466
3.0988057306007786
3.3957344820876703
3.5215134243906707
2.066621327290992
3.864669328264433
3.015424196306527
3.5913816895319965
3.2139478480181913
2.4105425560798666
2.6304014965932354
4.462083224694002
3.5910897880179693
3.0331960559351687
3.5193307452957105
2.8506248355842736
2.7204753722392443
2.9597434928436117
3.9748713930360786
2.6809628713898768
3.049926379860401
2.952833068620051
3.8032596597565878
3.1060049999433152
2.9412579318986043
3.7599186654394288
3.5478539268120306
2.526305684250947
2.4891310020519564
2.944560550102802
3.2198791042725654
3.479444485811173
2.976491078166426
3.1458534034411234
3.678106128442041
2.7985376148409062
4.524494140817791
3.0915274526092027
3.3810207527053797
2.781337503485364
2.630643453634997
5.019426435160681
2.866786864669265
3.0300889346252755
2.4802222940568086
2.224853152275773
2.4132047668999044
2.5410624037916714
2.5846418513479423
4.251479550312506
2.980598687026408
3.9350351923314038
2.89032739412803
5.54249067337382
3.128229734272004
3.8351126551558745
5.53393222777665
3.1954508709281235
4.49128219669211
2.7079319388386494
3.250172787310805
3.732989931441773
2.73328794860544
2.6019185593419785
2.8804493961929967
2.463564193523314
4.000517400250432
2.8668090547017275
2.5010157250113205
2.9354158608542433
2.4630388184769947
3.6261589657324347
3.1892124675670384
4.423746227373921
2.9321765571018172
2.1085296772740705
3.3631555546886087
3.225512513778986
2.6164232012199506
2.7421007617830124
2.856370956896172
2.7128507196017395
2.479028759501859
2.239984553066522
2.503238042709831
3.8199151915162233
3.6278401907373263
4.14090448948583
2.857100816945122
2.356522721356427
3.408013899243887
2.0323411184305122
3.8591537519014376
3.1081037329620873
3.027036582645212
3.1112953919848465
2.726983667004025
2.8863385842566966
2.919020390379084
3.6305905573059376
2.5405281995242777
2.620028986254018
5.241207350548719
4.5772620085040945
2.959670055982159
4.613149012401683
3.212607643104135
3.435694900214822
3.5423672435884037
3.662734659963618
3.0425917201951522
2.5239540061544097
4.367634575738532
2.9903996210565604
2.364536212970624
3.00443168695985
3.9816279722106254
3.1593022891514564
2.9354338123521
3.0167685571866945
2.8424331303393915
3.376391896456865
3.483295999173298
2.299995549508612
4.47489427689363
2.224624322129161
2.94275358455588
2.6231396857295035
2.4082050435680418
3.5609126452933957
3.6049223773093204
2.985416687295067
2.507610283759926
2.4478266155451673
2.9836455942221107
3.630691176494615
2.0863214092183133
3.583093888107742
2.347049897146406
3.2331779234516027
5.177254526085338
3.2828042282737315
2.3498616597276554
2.545826251516517
4.053719622185223
2.08973430560776
3.7044962829701715
2.92097620193059
2.974484131498969
3.2116018474418464
2.356223349395839
3.6505023638828056
2.7261168537267473
3.3028760453740302
2.9534228965389873
2.9826534838685173
4.063863616737022
4.652607262952568
3.0684670112691497
3.7297052749594672
3.5382809863335667
3.1040216635879947
2.4928060732732926
3.512976202220962
3.3330265097262988
3.0804431546058497
3.1284589023739375
3.044421612409915
3.583412526750175
2.1634290350205077
2.914968616476219
3.4329656245708797
3.3447707770053032
2.6115390504739993
2.292466275719657
3.72082639554245
2.948409323342026
4.097364302123254
3.6567013226471516
2.3633505772582257
3.0762821059386445
2.86491291022867
3.0931430431733173
3.4468171056801014
3.1491845895072004
3.489974843679664
2.36691684583241
3.0569210935299655
3.162748223681995
3.1747630885957854
3.394224783101965
3.7902328479013674
3.2568351606621215
2.816654785860299
2.650204421309534
2.313092845696352
3.508129388231348
3.488218368050989
2.739222960970364
3.0804515366935172
3.6708819403988264
2.79760737426923
2.7480644580503153
3.9128644221824196
2.483529542515232
2.2369910025239226
4.944942189505019
3.3239564521817284
2.483017710744576
2.9575513013151786
3.067610284040773
3.7201988818322227
2.662918342807331
3.1162520960690663
2.603486528410829
3.2034412647442387
3.365149513312447
3.4372108088364275
4.210188023488639
2.272897051249434
2.6502670497421557
2.2419146189983805
4.746018031546307
2.492610137952262
2.7385343272995812
3.0974900934523086
3.147233731044015
2.1383052256081294
2.8652281215836632
3.4363745515388024
3.8412137006105547
4.404552251570407
3.6813149460650547
2.939772441034657
3.151223761991851
2.9256876792318938
2.3219372138889613
2.138138347885443
3.637985295869765
2.9609799106396
3.148522909833388
2.9573679149535907
2.9375596722408
2.9379576787196378
2.49590619386161
4.129476429877671
2.318521049427545
2.3802996876650093
2.06099444355898
4.862133397167742
3.9902552646097873
3.0693044337176802
3.4822037335259846
2.7545843054529153
3.176965223032489
2.1608426076097818
3.2874212087321792
2.88308817954028
3.0530740282930404
2.231899739492662
2.6565768696456695
2.26559528176189
4.030229407374916
2.776588343891388
