7.093792169269231
7.917751453600194
4.0987646528274615
7.039313451066242
7.628159758584001
6.558001313567664
6.643418393078887
4.535358048187499
6.4876823241473165
5.800509739128358
6.3449844167182725
6.339853890670593
4.639116013350912
6.116422119367788
4.525155111004317
6.906205726545217
7.334454934480703
7.1438772715222845
6.876380612480368
4.0909434455364355
5.896418210930406
4.198786949456367
7.553145346875368
7.353930712735609
6.167530163719658
5.181644266994239
5.633346330715172
8.147620212534749
4.497722297207165
4.54394506067492
6.93068254747864
5.051880284582521
5.96399061744996
4.5521727938027325
7.658520851152691
4.994120879283234
7.909554247183457
4.95406937786095
5.688381097642342
6.719494586495182
5.663303042213128
5.618382072641747
7.996603043027321
5.709191212660284
4.601361964796896
5.894473596982658
6.961569179462465
5.1077735972542655
7.31072042215024
4.554183569803623
4.910573746116708
7.532769430213787
7.842956815634046
5.6029934552834195
9.270499740194245
5.048691049011557
5.051432847346205
5.589201253303859
4.4606343996021405
7.4335634558091375
5.026222009650263
6.601184747632582
6.753027002147294
4.517252346627895
6.267697103926984
5.750387468295599
7.242598064777797
6.588527463013929
8.922667464154856
5.1686961193041885
6.486783125325623
4.918577660467879
4.0869700413175645
5.1726409879813255
4.51646499897702
5.246881286556279
8.528429448496318
4.791540439523213
7.032321604944566
8.410332261389764
4.389407131557555
6.275742638697704
7.631217836801572
6.104939638935554
7.871003178376676
6.79602792555835
8.697186155877057
9.477238673831037
4.205010817039909
6.124427544653711
8.633848210473074
5.275984785642674
10.262491440440733
4.451410407130448
6.498372888658341
6.5725125039311845
10.812197889170646
7.803755830624943
6.055494672602868
4.327174958032713
8.462419909366073
7.059048173238926
5.748051135237705
5.246608067884113
5.310356717902169
4.558728041936651
7.646492458328209
5.848744735094023
5.235042958762518
5.3647576996008395
4.967486764235006
6.674283878539825
5.778870647830181
8.700832321619886
8.191221890712853
6.009994320054536
4.6517534552061734
5.107052111210656
6.570656237721087
6.959983170760693
6.81558569962896
5.777209428752421
5.6435109805558
7.85154251077019
7.147812959842634
10.06144777693569
6.003606666705023
4.158107894583649
8.145691116071687
6.948469972968714
4.932380150869178
5.616268720486216
7.466710139512367
6.04561598630144
9.696104686903084
5.006104736138023
5.214187299604117
5.262934450853138
4.394647714601909
8.301790564779806
6.320487591908449
5.300138682545411
6.579490970005033
11.197182191777497
8.09914377876757
11.030061605651584
5.172372102000729
6.500947404735117
4.939225098968693
5.806737828883953
4.624258211179699
4.435451156534649
8.877344395688098
6.045055003955482
5.4602730327625935
5.47276478604226
5.335538452091821
5.144955255610381
5.614513930240694
6.21718427661662
5.26121678265019
4.367619314806427
6.444310736930562
6.042726609171801
4.762229613996287
7.183429408708579
6.047757934860003
5.625875878550842
5.712963843270741
5.129772777997242
4.9141089514466785
6.214769700573949
5.234835369008126
4.791992006318401
4.614337160849103
5.49841304344539
5.607065014059014
7.151898334334798
6.183861029678822
4.892407200106753
4.881068693720262
4.711456652831998
4.994491076342793
6.202499514266756
6.233186952132084
5.400532033413272
6.012231584547182
6.5947172028638885
7.896001760808394
7.667774745314862
8.421501187326399
10.090692622618944
7.990264129500343
5.607814414615909
4.764869002037497
5.723464243110248
6.763059806639611
6.928825716475224
4.3850196328291515
6.045278227129466
5.1721641024226415
6.1698748559141405
7.731372932051025
4.566264083262173
5.09653408925127
10.060781372262074
7.648858254928287
7.495523298709845
4.676409237872336
6.44168336002069
5.648399022488065
4.973789373449266
5.1879687545935145
11.078725329871354
6.83714830065243
6.490060229381443
6.529304962560149
5.1713578998977665
8.714162191036657
5.06055139514974
8.101322702957713
6.703897506345658
10.833772552528899
6.452709516923816
6.1325583142414875
5.316617651144019
5.942435920361256
7.085100081762056
4.955276973554678
5.73714440999661
5.775520533226858
6.002601827762244
5.381289230439316
4.792146438730351
4.974484006101204
6.427652274296205
7.058684847015359
4.738752196510367
4.660003793243089
5.321973167675684
11.417516010925421
7.00093281595662
5.965389703747314
4.716269057018553
6.494706678750429
6.145524483385446
5.7363315289861845
4.616660234120074
5.956753670514382
5.419792023610782
4.404432136014149
5.175438971029575
5.078260006996995
6.229705760094965
4.60654713188698
10.291797326036678
6.76492990433318
6.529651364501245
5.0679442390988525
7.63398988190981
8.82094280000835
7.007371287436297
7.176772948494035
6.249398495394818
6.690876115027536
5.84059497751663
6.739789261392674
6.394521174257895
5.75438142197958
6.332845827343298
6.169155466779123
4.260252430607144
6.013928559239626
6.724929211713885
6.881798571820343
5.755057004559013
4.872647272718413
4.50775723037686
7.004858511489747
5.158915002791188
8.840225086864422
5.818150223863027
4.5811551054282225
5.022342098087597
5.384437870743787
7.706370336176921
5.96205953980949
4.7355308616914025
4.853618309757354
6.120580953302926
4.784390829231815
6.937259884092263
7.612722534153528
5.164102037320018
4.695668812913403
6.887448812623914
5.845429027942661
11.088982430616237
5.360527647457395
6.90438145142526
5.727290755222037
5.471945744563554
6.810690445662638
7.249368927332024
5.916311700290298
8.555778829694942
5.4517177476718786
4.917407228195232
5.261854893301423
6.443290319895941
5.845710651352464
7.971238178404681
7.093520441486525
7.251977825869134
5.2881658164324294
5.7309266879799825
10.119393666170312
8.271229039844027
6.951615711902801
4.165377135328521
8.623968869772106
6.50456284242458
7.2115831005444315
4.252496064580672
8.080231854172823
5.572146104642675
4.990007094958422
4.19695307502183
4.987978556015124
5.836363257000025
4.681332344635942
4.735047459972572
5.923448315692152
5.841767263115972
6.36896327767231
5.418936636644854
7.662005443088667
5.067603520160109
4.152756374740583
7.710799276392893
6.03983300063081
5.518349362375425
6.9131890685197845
4.812820390957432
8.050146509312244
8.969041559249938
6.9049833437416375
5.738627880683596
6.354724872980966
8.525959022962041
6.027429021246989
6.503332226141022
5.6064140366666955
6.985303619714483
8.04943371898394
5.314287635021103
7.317703653369647
9.311437797733223
6.025174686132333
5.495296827313274
7.047245733758932
7.533034238393918
5.770418421214481
5.845384893265221
6.377304618385546
5.382748881935772
4.126723280954096
7.553210004100763
5.16401803464445
5.971546476770162
4.755464127354499
5.679389382343687
5.686877671943931
6.824486713293077
6.2580131903273015
5.1596166095282125
6.698934316781551
7.238012449019512
5.418075648526723
6.280843850213807
8.717116494091973
4.902695788134905
6.85136343845266
4.85964376867318
7.687132675169575
6.697759526879198
5.0291164890061415
4.082141532269245
5.748088580919077
5.885588283677116
7.942244001620218
5.5167335861774935
4.7253686614495445
5.852401840346283
6.155103373165913
5.442001393968657
5.069774032566708
7.219893839884294
6.339083938979978
6.811432694615829
8.715997712631665
5.8925875569764115
5.68743452341005
5.513299686890522
5.038231359110773
4.983285023845641
7.792641953688069
7.389654901884474
7.877898869836628
9.059634819709869
6.863655878257962
7.086530613546507
6.218912240731606
5.634864975721949
5.616295268860947
8.429702985737574
5.485270198239037
5.163549625390929
5.868509300340182
5.592657660747895
7.156315275286155
5.949134896633781
8.122003319192025
4.16029462651839
4.80322353938175
6.398425134293612
5.938464149863082
7.47676268886069
8.138918313339403
6.864935146957667
5.294148633399355
10.10999165420189
5.861059768498885
7.012146966887065
4.841980161680981
8.744043484711186
5.596938176314186
5.380208338704201
4.3538403811003565
5.784844286453919
5.555565843640451
4.574753066266366
5.7857753049802705
5.558342189239226
7.7051659349220385
6.339402078161657
8.278867583376476
10.808497208165171
6.777496047307826
5.175350135078795
6.487542728578296
5.774995769815599
5.190872041846388
8.172373889374388
8.278222789740383
6.005708125287679
7.475080883489776
5.683210729901858
7.604661048850061
7.505783675433401
4.485741845257755
5.785015238935351
5.039323732833701
5.702802713678671
5.417883621150875
5.589894848953821
8.141006575762377
7.539376277453068
5.9210572087119875
7.281144275509762
4.753203758358212
4.720508153261682
5.79906724902833
9.38644412867751
6.306570263732886
4.704651394740952
7.412555930823062
5.10766858977483
5.434469289881974
4.051279475083821
5.0990938782700965
5.552727777520707
8.33895749688957
6.035241282659771
5.835225486242047
5.066368584056375
5.1258457058078095
8.473460838206043
7.702348889061335
4.983551373396158
7.527317576399452
4.489240580984049
6.344235690893612
5.172598847286346
5.264431055826396
5.885531993972626
7.894273053563366
6.138715008365278
6.541572181833465
5.273498114328912
5.682448847542549
8.469542994046972
7.303642484752734
5.609550596463515
7.980581117984978
5.812094688128084
5.216345086961472
4.794538828492794
8.911182025967632
4.254453020752052
6.992862327148827
4.545868150579458
6.810027970487381
5.209855361824672
7.0621726609407345
5.548000514484581
5.431607283205996
5.685802820433013
7.197820212126959
5.036609435114032
6.526059452727917
4.728667483570245
9.114601530888471
6.379510034490821
6.087422077192773
4.774442789702148
8.426242605708792
5.503746193643531
6.719617250601405
6.190346021255688
8.587949332244
7.109079283592013
5.495341118491507
5.337065246556625
4.577161269754885
8.916078967036587
8.952484019629514
6.117012017023033
5.76113554286004
5.2900802267116775
4.033247538315767
5.168370879537852
9.822446992550903
5.1364911225167855
6.598051331519749
6.213201344226111
5.415135574688032
7.783987598032026
8.307132982038524
6.306971663407014
4.5030851199042115
6.1571432251054645
5.981029371040933
7.08282555868295
6.308130075744872
4.577362751687721
4.827846244683938
9.256026791878083
5.046502893349353
9.394053783149854
5.295093813177088
7.860031184673725
8.845771975311745
6.737327003689472
8.133286675378773
7.280553647275257
6.694112901457805
6.003503945077545
6.1644376060283275
10.04045214498781
4.764851217322203
7.630406993827574
5.566152375833288
6.166652551884159
5.16168327653331
5.3008951533297175
4.35880063096545
5.137763564059734
4.966520684068693
6.339738000817509
10.448108944521586
6.096507407434315
8.392453505807577
5.455480325492141
9.13029316382234
5.396192985848484
5.586688671391857
7.496328204741216
11.513290606872264
7.016673956211275
9.201874636573878
4.789619362163995
5.477582173318368
5.2142169797325995
5.371852860831722
4.620974216889276
4.396524444840783
6.5868638832263215
4.762441481500296
7.963582537058032
6.023462893837219
4.417327940659383
5.380058544003723
4.58251546570329
4.482861739391447
6.122799166217619
5.420228754430981
6.900099326929811
6.555209173447121
6.623873865544303
8.76263873721613
6.779403246418935
4.978512945564981
4.574243517324908
4.651282498123208
7.222448090911362
5.135115369567193
4.823999397000076
4.550711651664866
5.535073988025882
8.916732873408252
7.070196980990538
5.555432873079608
4.882183553339442
5.195995325163007
5.686122619717994
6.474779385381567
5.928758555013322
6.229558611892373
5.245662689376073
8.759705936671708
4.973349890167712
5.517503936394215
6.142841332353619
4.433308793737686
4.520644597206235
7.013044847837381
6.215219051510958
5.085601048752649
6.879833333744212
4.8777856576598495
5.570097636384769
5.757329980648174
5.008895589863616
7.100779529494064
4.863807906825005
4.667442940218341
4.7657103328979735
6.8147546935345185
8.646698701244237
5.821536152030581
5.965816468218753
5.942969481960263
4.644340470562254
6.263172234104852
5.587068432136836
5.42786527622248
6.295011958424384
5.67551008883403
8.37960270627649
4.612512616663416
8.21030476719715
8.138015314388486
7.504169034909458
4.352998900650127
5.449091656854896
6.6379237194145215
8.60853257662419
4.799678805494336
9.800460981016345
8.35930464796147
6.486851503373784
5.982656279445886
4.932242496661694
6.79740454702181
8.220838578970506
5.219817384688797
5.381286093294819
6.109647709057762
5.002925252085937
6.708942321266089
4.838013627716787
5.399105719124213
4.705317530315282
7.898101849182587
6.834074146970865
6.044950859083229
7.917427042064431
4.65839250753466
6.908721397173757
5.455071125035686
7.294480297152813
7.61276648251173
6.810400548600465
4.666799463038053
5.386003903326795
6.059057328831252
4.611937192333346
5.772168747621686
4.693651433564357
6.357998552919529
8.83068681328992
6.176079406264665
5.745412168687217
5.822495405080709
5.82060629472378
6.508556826779152
7.558288100653219
5.495511495190374
4.224783403276383
6.499023630016651
5.014834088184268
6.962485663081606
4.615235152769283
5.072176436671785
5.023334224696085
4.756742375110441
8.188942375572603
4.974940808568839
4.652342105324373
4.4955730967822705
9.096371048252156
10.582792626121755
5.861166834255335
5.940442607527581
5.727589267700505
4.836319989308509
6.599951424357517
10.71792310944098
5.059469211928221
6.773489870189453
7.0882501916042635
6.992766565718312
4.682569583471778
7.768260364121668
8.30709847795265
5.168682761628922
4.866150646535023
4.0620983811793225
6.676181709198209
4.939775492143658
5.466074150302189
4.304433035146127
4.7432935461917936
6.056802510988806
5.467786943307524
4.976787227540081
5.705506841092886
4.535029988830599
5.674756710175184
8.830865523432628
4.910620567397654
4.850179765850296
5.026604771848064
4.925689609885794
7.394248839518858
4.407841726745549
7.356173926433847
5.050640244410582
6.094974637540746
6.0100524136671
5.982210700041287
5.425135793409383
5.694193346335075
4.8158557233836685
5.920599140950667
7.065879849541511
6.766460684326001
7.383668003213126
5.406199775840936
8.332954878299278
9.610777910780266
5.8953733355703
6.099842217414643
6.393640458956824
7.800295280177832
6.000893533047071
6.127564558105321
5.84871508847132
7.081935634647661
8.095864207529925
5.764522706166713
5.222588461073785
8.671377344234603
4.888934011939102
4.254108839885731
7.073227533174762
6.789643327022548
5.751865665560839
5.78504089662349
8.73374077689681
6.883698592897434
6.724452878900785
8.169557532679251
5.878890159600109
5.326625809375243
4.427516246032945
5.157205593934954
11.007021378937624
5.636431828648716
5.207318990988213
7.547489274231545
6.717142258997332
4.869994087421345
5.851474366738816
5.072591961336704
4.444260583738074
4.717217549228588
6.516044674002286
5.734865689445553
5.562381576316826
4.552344277105749
4.866990819070752
8.604568452210229
4.305966012794962
5.285959856306467
5.315999630538026
8.184073452059232
4.882384178861913
8.459998904430142
7.243588292550422
6.209107850547601
5.469098227738719
6.018664782289598
5.695847442422102
5.324078664859497
7.1382139046696285
8.258863050500537
8.441138988207095
5.297295712880922
5.609591241707798
5.037793104050495
5.735817974963728
5.891039336433328
6.5920208202385595
7.708615366944866
5.850220319297224
5.127286817989137
4.399581101218083
9.032197752744038
5.017704762182328
6.2152856871604305
5.072461164497591
7.527415789231354
5.7274088443506495
7.716673583807126
5.676788096002435
6.267607734039916
6.497529476854663
4.4042706450737015
8.04723836215094
4.182369139246126
6.421950397711389
8.497074917364175
5.176714482540366
5.478842627368024
10.079652776121169
4.9455423662977775
6.9180397918730785
8.281036288881191
5.774719529090872
5.580370637056971
6.8999763330811765
6.613179272708996
5.866453988154749
7.388169435106108
9.685928130251842
5.737508690532694
4.418117048585887
7.899283087397933
6.39270481573641
7.155707601090769
5.695075141058706
10.9866074171136
6.078029130170212
4.983876329428245
8.159575179877834
8.861957073123035
5.134059491855606
6.430774428154102
5.874482286771468
4.718244338136283
8.178443272852155
5.911496910725608
7.077121218170721
6.042362702791134
5.564906917888824
4.33551401258
4.958978503324086
4.770010941212597
7.032189319194414
8.93762210095193
7.43763727089288
7.244708253787443
10.094424084084533
4.578322915295952
5.6759393383983205
7.70309251561754
5.913395659538019
4.419017906412933
4.184607298666512
6.39674806386428
8.205413220507078
5.873959226205729
4.932845474915864
7.709634601868045
4.890660322284734
6.385558421074897
5.804404624078944
5.179549962715874
6.136511923779613
6.096933003902495
6.248447651286634
6.994244843915557
10.4150058710256
5.90123747966409
4.670188741396977
4.460353202732457
5.264374242259132
5.822541737434809
7.361239259721881
5.227861574590083
6.400495654383476
4.953065984992706
5.649477597514457
6.110955083716265
7.702731561923317
10.424071195711328
5.9727231705524035
4.911289425478182
5.37929426259267
4.962000175654806
4.570689947932985
7.055555562088478
6.417632917066053
5.750448642815051
9.29601726084485
7.207181235382936
6.640133431267923
5.893063873642496
6.767567335885083
5.951402926691661
5.363829684997928
5.406668179031905
5.867369864425618
9.074649656135056
5.2638546628672165
6.9480837445585655
9.52433411808555
5.555592592839508
7.346966813934575
5.408416577878495
7.93626963846456
5.792397015525362
8.029954943922808
5.1237905665977275
5.570851669946351
4.71074088177218
5.002709384023898
5.290522659110155
4.871476841384755
5.902019395609606
4.7224345787364035
7.258601155049106
11.26624204826289
9.353916418547538
5.989170681033089
7.212624689751954
4.858924370194321
5.66621703660532
6.103822045509792
8.43173223404156
7.6363975141998806
7.396711397456986
7.931131867030079
6.5239040738192795
6.834531103894099
4.864517512019817
5.456494167030471
5.988179035175612
5.010397618892038
7.41449374114779
4.775290545589281
5.2755607844178565
6.952478822314976
5.9389185199680545
5.1847729957320245
6.932195159317442
4.720899812946147
5.721816987779009
5.310669050035928
7.758242809725216
6.045447558840719
8.355503850459877
8.12897430634446
5.136755411250779
5.247107728631131
5.812231220632491
10.803746523219322
6.0676353241952725
5.10857031636269
6.378376453372872
5.222420495284784
6.247962253144314
6.613468659598706
10.441147168839441
7.860380257685536
6.354117510507592
4.510581090268342
5.6687189318773035
5.53194873266512
7.698739594431681
6.163750194093926
6.165050104903465
4.494200739543203
7.09646065207721
6.146482667610357
5.910981796343427
4.311224106698199
5.73376714378458
8.125183620686094
5.964401766278058
4.807366808897955
5.421453640811077
8.49609310698514
6.592947622822081
4.2963071378417155
7.604336246005346
5.194417524856586
6.358851616833405
7.360376419463927
6.274788355310518
5.792585471288133
5.371824966066853
8.23985334159699
6.543453438421196
6.3970614458542325
4.667711637643678
5.28001039106045
6.5121132360980765
5.744951719425749
5.336238144212903
5.282691806175221
5.297887405588336
5.099769987624133
4.556366006502389
7.972641084853218
7.339038375587031
8.403196575977503
5.998768452836632
5.368365377031708
7.960814218810276
5.562330267809515
6.9316713957994756
6.105486318775377
6.217424903221895
5.610157451873966
4.321991072135075
5.432031166822023
4.3541601278671695
5.290859489101381
6.564354994410178
6.35997557133383
7.112432021449198
6.714959536493204
6.282437336483208
6.866356723138826
6.129061486438379
4.817522872293852
7.684523663914284
6.895490056444758
5.703939311606774
5.553707148116304
7.154113800249751
8.926938144278513
6.535338672959182
7.109395166428866
5.550677127102735
4.9621846381763115
5.892351742169544
5.523681356866547
6.578893987044403
4.747308671592264
9.71969060280873
6.0619424433719855
8.702829485679457
4.239684335716013
7.9135502666075075
6.242141079358784
6.748166143674418
5.384673442440578
4.571341672400209
5.887044973736666
6.079844469472012
6.418237378723393
7.52348408535468
4.881622882509629
5.0495707948983855
6.155966647588301
5.713892544060658
5.904541862168508
7.993765395908885
8.99293380226487
9.226735727758395
4.722670427696447
6.701885821311641
5.7196352073861085
5.83598432921488
7.132860099767314
6.312262247984902
7.400946655086651
4.74348160639902
4.915293719315511
4.782555914256107
4.5501710390334535
6.59626835906391
5.957801487841766
7.839337994037531
5.557175883968391
6.329896146976391
6.409172465810537
5.60649340328306
6.753063865075585
5.05684973684786
7.233547311709407
4.377202028993638
9.725477330479663
6.713432812607783
6.67932324206335
8.006094773080921
5.067622780687391
6.5358095918234405
5.088073276396098
6.36033188211761
5.368903151877233
6.837045070142954
5.731395293855801
4.909476816284473
5.096804023553011
5.37013787157718
6.3478037868458275
6.069866285398133
9.376491448170976
6.33415853343116
5.052337586082359
5.693629497593658
5.247225431167793
5.29155404475808
5.75585836060491
5.679261976120029
4.526664429991476
5.345955728804121
5.503400390585497
4.527042344030093
4.853845651348672
8.839687189989409
6.1717657967117034
8.631063052073362
4.297061905407487
6.459011596832371
5.976212879874237
5.60660132453153
4.792681000989769
7.332533191017012
7.464776983255946
4.586987984155627
6.315643549077998
7.376584213667187
9.444965797811145
8.164376661067946
7.201041558651045
5.779152852284033
6.69547469046402
6.802490482465504
7.635593829676625
4.601800807370612
9.294142413214782
6.8829788063905255
6.7343343809151675
6.218087286296646
5.344964213014818
5.309071349185011
7.136082961246073
5.525861469139606
6.817338559883816
8.787821134446196
5.970984003236274
5.206159355071391
4.739877123425453
5.779710941243266
5.433507899867695
4.565612242323979
4.884659949309442
7.605176742406199
4.944694824560991
6.571624546660587
8.129686933885862
7.713532763294692
6.0546223812749105
6.764285833465987
5.168646473626335
5.547123414343216
8.189309538839506
7.253206037955545
4.625010685701772
6.04029541474128
7.521635514455111
4.831113336107197
6.824818178312707
5.20196205870943
6.296427627339214
6.629611191535048
9.621846980880909
4.61519326237166
5.2286499516894525
8.249988965639758
5.457995155574466
5.584683558565948
5.579314394319626
5.416619026750018
6.31061543330421
4.764799945109504
6.27837268556293
7.134588240022531
5.592853414621108
5.941469396679431
7.053497309120166
5.732343962611742
6.320818183561196
4.722291668330946
7.5908462996585255
5.010648044648883
5.879377226967233
4.184938865366821
5.587491431931107
6.0836094785069115
5.066969288592445
5.867949713431341
8.042239989019661
6.244177304663402
5.3905493427977005
6.439861540830251
5.613098127058838
4.719376809438565
5.052704763386889
7.172207266509838
6.549612715942096
5.658090635822277
7.38654952419849
5.914145823615037
9.820492044296639
5.686854225121802
4.703848445766155
6.549827925104028
7.324483851252673
10.894168868877511
5.914422155780262
7.836467550298041
5.190058425785215
7.851885178742278
9.94882490283729
6.401275134006694
4.574183711186955
5.384970654602418
7.998736732845327
4.69688974309657
10.349339362858448
7.224303858554874
5.602679014348695
5.664113001320021
10.648532924997589
6.033847167377764
5.220514306797706
5.1035625546001455
5.205213368202479
6.600327871287007
6.164379022803116
4.339040630161763
6.558814970801248
5.0893442871855905
6.018776476033458
6.698358461201741
6.254871958861706
5.305370259358773
4.332045356081673
6.44815308775184
5.945903574687139
5.0524401180586835
6.379640610389128
6.38767978390905
5.572149209525626
5.948973276617144
4.5190097795137465
4.280783740156427
7.229208750451148
9.803964821413427
8.142343913472398
4.400791687755321
6.380236579172356
5.622331413104128
5.87098653856174
7.32439175656798
8.356970793083493
7.396131502725043
5.37406516457067
4.912765657802946
6.271137653352833
6.934167190051828
5.748555316192099
6.3971695510082585
6.2182580596785915
4.985962023921649
4.2189086210760856
6.118246742976839
5.083407491070253
8.190651054375685
6.413654413700592
5.867785014332309
6.368944348005064
6.797969446526323
5.263968499710636
5.003005347003657
6.259296032623451
5.858325478702083
6.4430588765646295
4.303707317489546
5.701605344000657
6.161190925346185
5.799911184026735
7.690603434867029
5.733572085645615
5.376343363394709
10.743370512259128
6.795098944285116
4.802299340924435
6.324217991999654
7.344421737260535
4.518479564761974
5.370640667753237
4.726724985787329
6.772805560202453
4.735361930815416
7.826295884594485
4.468699718982095
5.374337137095086
4.546984674691287
6.668312628500467
6.673674024392278
7.707744921944952
5.9022069237018755
9.947939118612595
8.929400587197382
4.729623020273411
4.991800343960003
4.246438520859302
5.02591297908102
4.28656440329041
7.869060924630398
8.606176007057066
7.3225655413856465
4.829662045605774
5.591295843384076
5.09045570098799
4.786895013260098
7.76575078696177
5.600648032314992
5.430117576978365
7.924770156900544
6.696183443284665
6.239543240476624
6.568494675085579
5.439830712468228
6.395871507581
5.644987843518679
5.628765204174311
5.446654984499501
6.121048321340754
6.222302005961277
6.56964757125604
5.421836255755787
7.5816592082094205
5.486388202290264
7.193864640602616
4.943380985878243
5.79827370896
5.051326103594784
4.189600071949398
5.458773026128144
6.598694613238137
7.527581529196822
6.15634310346694
6.006795487735276
5.992774212493287
5.078389813562577
6.41455471016476
6.325201706729177
4.779176744589684
5.452304805102594
4.19370353158065
5.143376991317337
6.368882827363629
5.886977392780358
4.438552840916088
5.426112869749462
5.3721678994075885
5.336853521916389
5.931090221372012
8.597873172772829
6.832506789803623
5.270417663910209
5.946448072592652
8.992284170567444
4.370083746828229
6.134161472395046
4.318302043636443
6.936767834993716
5.216722883376639
5.893548371887618
4.776263498815208
8.256900808061596
7.312185153302704
5.76692095103639
5.987988693479749
6.376563154677089
5.355168855837382
6.494072616395293
4.5596133539068155
5.537041585443265
5.414913945510714
7.048418819395721
5.31117205484334
5.9804972992821765
7.211088201884508
6.195237968383223
5.5604479774913065
5.486353336150881
4.378536283780818
9.664957016311789
6.464810849331764
6.005173757450732
5.1482686351129
4.65951958489272
7.4536013317101055
7.35661362323459
5.18173645170233
9.007481388854549
5.405474556521354
5.1540513742955865
4.537238019876733
6.614090161623561
4.52996464022851
7.631502230688103
7.54727234030349
7.376562448133545
7.344670321619442
5.495908410686336
5.704343044359396
4.3141164252756745
6.07425841656839
8.203605279430178
4.795447777333933
6.785745185089683
6.363972448878342
5.454044921968297
6.5020601506668205
6.944519596363687
5.870847518972499
6.308235859261366
9.208940499884314
6.234445707381511
5.754500630909063
5.377591629455973
5.419431724712017
6.489069486902787
7.51434300220546
9.938545830071904
5.401091101418853
4.887139853937237
11.143085576111455
5.681424086823523
8.087089870818849
6.803237501984986
5.2286109942177665
5.078917059760738
8.922463789667788
5.549827670913534
5.9357807876583255
5.334493170692935
6.664109129674012
8.827401135865841
5.946768689430302
4.384142993207866
5.010150774224862
8.22855186812813
7.880692618312838
8.023337213508357
5.216727645865573
6.4279841863018365
7.835444691848611
4.532211731788695
7.210581239545784
9.022540788087358
6.115314653832931
7.637362256193917
5.6177692287814045
5.805489961582171
5.282954376009787
6.735861930996483
7.5341840054924205
5.799131145176174
7.549723897159927
5.847617804768217
5.503681068286509
4.998069495657302
5.8973985346439
5.245507681652587
8.823740273205058
4.152140805738148
6.297502190218783
4.536317988632894
5.577939102106128
5.58704996312547
5.566027675866645
4.983822719113039
6.69422791871266
5.275885273764367
4.811372352146427
6.742618897234564
5.413867377663855
5.38245722628523
4.271664324074085
5.300186906674441
5.420799744138252
8.648890505911083
6.647258886471133
8.057568101054798
7.541993347584767
5.8511707900192285
8.053534528522599
4.790042459734703
7.3831523845736395
5.811838812525093
5.1055474070073465
5.142218552773153
4.24314268362863
6.035954976604637
5.069723698790985
5.513539829490105
6.166024209763623
6.168721947736943
4.214507916689715
5.571259802051282
6.787948066088141
5.804613235717798
8.981048416158433
6.902500568881088
5.509592292006922
5.659046681711871
4.396785085401504
6.048289543717036
5.477073654317235
7.172527069565445
6.057716101702189
4.569753865440551
5.190446567856135
10.975412332522067
5.839777243643633
4.884925604007821
11.043280826214097
5.7730870803795575
4.520816608666474
7.17555975644715
5.664195079409891
7.010442404483598
5.017805054008518
7.3912893777870945
5.749361748978842
4.631021079944853
4.554614323419443
8.839730818410272
6.221668401561619
5.283916967648118
5.979938502312443
6.39394910757521
6.026546939267473
5.446620127113221
5.910320345273035
4.823323857779634
5.553536999121292
5.534377848763348
9.998692670933275
5.298222600848908
6.865521539629822
5.988418398816688
8.003238110139362
6.344521138543352
7.198623767108205
5.960610201574425
5.2239564548403115
5.3942657606397955
5.380893013901403
7.401468870840543
5.8192737255426845
6.175636968062796
8.280612856438118
4.422574486013
5.617507561516272
5.156402496575396
5.840738538025179
7.06864478764024
5.426612460234802
6.0590184753611025
6.868118896066646
5.196938639355714
5.792153215581433
5.602653379289409
5.433490432144058
5.257127185897056
5.227542510048971
4.985292556077479
5.431118325647773
5.789158835221243
8.321968067776325
8.601216427033194
11.017631607675359
4.865008579848047
5.775577796022186
6.556420814909563
5.630836449962206
6.546935938504631
8.76216782165425
10.41219900176513
5.615357816449396
5.408772244308293
5.138928578785192
10.609997022127502
9.783266407638383
4.576617845850052
4.921094958391527
6.010133084380266
4.970092674418879
4.511235627062316
6.274114165663593
7.054694043504298
5.535491193886899
7.729910237061531
7.899275807559422
6.03992815304131
5.180991460430826
9.218288377405331
5.733940296397886
4.754831007362459
4.6456997718845265
8.931853751910767
7.049022485618084
4.94631129453499
6.178293502819027
8.511570948731617
6.91391000912348
7.105091887785022
5.469574851769963
5.191912782441678
6.120712383593615
5.447653430094554
5.904948922929936
7.005717716514334
8.761044482962214
8.736630134690442
5.36199091079984
5.197223816278138
7.243943354053224
5.09149112548854
7.283597490193698
7.29990903705014
6.073108997073116
6.90795501102193
7.731254879951973
5.593388093224254
5.973163769814975
6.53382848863563
5.6106062526559795
7.191028041953177
4.974419256242243
6.652680145846707
7.382913906918066
7.803057589101002
7.638299528659632
4.710183396878287
7.008128377698874
4.194486159191865
5.036006396567458
5.898223209410025
5.548238046043718
6.1140125780523755
7.562292970413852
6.788256790929667
5.716598214372909
7.688574790675348
5.816100711599923
5.484448663001104
7.293288600352886
5.142396163772462
5.83510546296675
5.062996972707536
5.961953791877137
8.320261278391506
8.526514547015415
6.371402089150888
5.669957179065895
5.363623982604337
4.672405938627948
7.103120258667228
5.478222831644077
4.4569587592777635
4.813016321339431
5.302174925643625
7.131459966152902
5.295239614887813
4.487112396220102
5.37844293180717
7.325124107441257
8.410296894694113
5.879885406913305
8.161599673536013
5.747401144939782
5.204431139412615
6.7541630972790845
5.496683278406962
6.068726507074668
6.2477286902990485
8.623103132888343
4.975695799227357
6.921077397197344
6.489576928256105
6.920090371766861
5.958581897232337
4.815533756169301
4.929849879498036
6.033057535459799
5.853930101830578
5.967736328699337
5.58470175202798
7.940899590103997
5.798733498616567
4.533078211691579
7.303024645030401
6.380863195728778
10.65435307567201
11.46787894889244
5.639669927038181
5.533310622167291
4.832788147844816
5.827752329656134
4.50922158359954
8.08213986506733
4.731800745132436
7.185783215339779
4.9019948259444615
8.371343885319286
6.398930098887465
4.73839106036189
4.529767138260723
6.498807874930442
4.9027398553119745
4.552155352619627
5.187337674155136
7.304961633428381
8.74235535663783
8.731752910311435
4.861564519524285
8.166590830796812
8.180155379324711
5.377234750755983
8.592085786821329
6.9728329132588875
5.905781523880618
5.086243187189178
5.061871892880667
5.75919233086752
5.335555532928847
7.540950187373758
7.126538641963233
5.966945805363897
5.739771118017012
8.042062668443515
5.226042677171012
4.934163254110271
5.542794554148923
5.547460116188779
5.17041315522007
5.587389448261588
6.20185999983255
8.083635992523984
5.641373115857773
5.38081628686997
4.90231383902362
6.13477110555528
5.792160204972965
7.238629380004155
4.822546174975399
4.919786368116537
5.873339668056462
6.271003616121977
5.193842872402862
5.372259532067241
5.3116434145049825
8.282839647330492
6.123033166939908
5.1138322001649374
4.692611280192847
4.77437269517158
5.8023487907905125
7.272009327079163
9.411016253295621
4.821735225178651
6.330439109326209
4.760184484123139
10.568061486390802
6.418233259348932
7.72023812817165
8.570712304757386
5.091943526951657
6.101392948010032
7.820132775427684
6.921459830471531
7.72537775648721
7.934877927854239
6.3651478451455015
5.055769775074701
5.276499802197214
4.7270083729105385
7.630217773409619
8.817554222080096
4.658904517615474
6.7863154401570265
8.223752967232867
6.723876395428481
5.315073104401323
4.992014856236212
6.437258163610105
7.945837989925471
5.605937360377123
4.743041010229791
7.129694792619459
4.589663435390619
6.391929464632229
6.010470239156611
8.71863525458633
5.798057988793803
5.42743786940499
6.218601890392788
6.517828433374757
6.033600517924269
4.455807909823954
7.391206066209191
4.397326923594173
5.287081474630468
11.409127016384934
10.316465310756437
10.917301712460652
5.96137772407018
5.428847265715834
4.971998120916177
6.308353584900661
6.703057191768713
8.440786301447911
6.312217423066694
6.272129510275263
9.121364775083105
11.56075712554491
4.874520895527481
5.035098834794211
7.120711729378774
8.922456492057416
8.818101092474544
5.773272892939418
6.710772473104763
5.481096884416639
5.5790599284020645
8.953575487259172
6.232377627654804
6.140122507724274
7.173558693070862
5.996295788276792
5.802973104912192
8.741761163283643
4.936746292544674
6.532547300950153
4.699534663826425
5.9101456910014285
8.177882018513905
5.645446218421373
9.368742704579573
4.8090485133207235
4.28580275692834
8.027398044686384
4.779790662694873
6.913833924869441
4.723309884592614
6.201865128245785
8.17619091841858
5.590070097615668
7.289373108445644
6.570561617111582
5.626171826100656
6.650936462938876
6.599902057453467
5.0072429769661815
5.753275663456963
6.908945339706221
6.3066020821562105
7.7053727445170015
4.160478388447018
4.661540137900012
6.929184199427466
6.581624400845937
5.903725294939047
6.044018282953838
6.0554647263881165
9.445808139263956
6.283249187536609
7.35396135836491
6.162543240511739
6.788408859756055
5.243604997662445
5.1947959746045465
7.526859126363734
6.205732441914344
6.589097613198226
6.462632386351244
4.859408012337713
9.006748531505945
6.6527668191924345
6.382780110299758
5.232147096583474
8.355490469379424
5.972929191671048
6.102042007677589
6.701463644336347
8.442770399421837
6.05840942821792
4.862504381825563
6.594777364987459
8.790908676670819
8.277600365042176
5.707200360923351
6.762964137297415
7.637139639179519
7.539044238923117
7.7508344419179585
4.173131107572992
5.060267789371413
6.0662577907811395
6.759850073285224
4.946352275416852
5.98450551676654
4.332253362740188
6.9136291828896885
5.986416521591683
4.966716583547975
7.689042313760982
7.448996719461846
5.999403659276267
8.984021020213447
7.695778685822655
6.179550230705784
5.333237335061303
4.6261491306251425
5.364200372731462
6.470225585493409
5.168595938422554
5.057149370028796
10.25958195794375
8.415556830044885
8.271551164679208
4.623251611453613
5.54081237728832
6.585566512657706
5.2355269420434585
6.024763888248061
7.220740131880801
8.599048715904054
6.635122189922079
5.668047938460114
5.938263437993247
5.8380683310869745
5.183388277249073
6.219494674350369
4.955059059555392
7.303512685288595
4.630037437325209
4.837803759650813
6.85309639742431
8.01957256881144
7.650679169916612
6.712898773458295
4.5941643469646145
7.128689297205691
4.860299204879351
4.46390076927146
7.88222277631329
5.659002647941655
6.586527291358164
6.312496676075969
6.100172456958835
8.65820293658826
5.273837183725238
8.31625613237262
5.024445392296764
7.771342242918169
4.500303039155899
4.8849124796690955
6.4673069013063085
5.788601154140945
4.8507836299472995
6.523010408441558
5.862129456628963
7.016313337795318
7.241546053185415
5.410860137381738
8.833655639074498
8.75345989620585
6.4653078852349655
4.237066407753662
4.316832170414721
5.732990825351457
9.873196886849382
5.975131205167532
5.8231237798129385
5.290812600916739
8.354541685507899
6.642551253371925
7.110902524637055
5.352735214239881
11.660188298437467
5.770803590651702
4.488147028106123
4.326961977975475
4.797712258886473
6.1525424458776214
5.107576847643578
5.8756388716795245
9.432256746028626
4.907788582774209
6.66718003952971
6.951786867020255
6.686762989859022
6.177797315633808
5.627463070242557
8.123728171119293
6.849291221075086
7.686285783023069
5.50653945153307
6.63587216456786
5.591653301838657
7.292966359369426
7.905790906192719
5.064586562183121
5.167844705577552
6.315984936796991
5.889756422742567
5.943385096585456
5.916494595282187
5.441202636371501
5.655665015715207
5.612495360337168
5.305103580379039
7.011188278975882
8.939754769117053
6.1290129648543505
7.4018916274243045
7.718035466688379
7.087860408841965
5.253313921754692
5.438325894760961
6.6210852764333445
7.143127136055441
5.187732137503434
8.600999421797813
6.223923704653658
7.194652215008585
5.776913786831014
5.90281400424914
11.071165730092176
7.233996891792669
5.676124588096647
10.148156316787555
7.57710174595367
5.655599177506213
5.7751844846588725
6.458362586576369
6.176866543547989
9.434921332805292
7.354732089787059
7.676557954238247
5.715981999991617
11.525085789857348
6.173339343422148
6.970422175236414
7.764812625688861
6.897200219514892
5.380305311701934
5.835044460121264
4.065031561921305
6.154220141070112
5.637534441224734
5.1137214954771695
5.933341577381825
6.079349493392609
5.845381761152148
5.325096237801757
6.030557437592023
6.219790606602701
5.53578690172848
4.978438796442507
4.913728642529639
6.07713002267833
6.821966071292843
8.094744669155308
8.56095485466067
7.967174709053718
5.084494554209737
5.9716757447749576
4.2057183680649155
4.599398873898511
9.288247765866803
6.5434259644341894
6.921039874706108
4.338855816964789
4.565880808822955
4.658765426385547
6.281111128558642
7.114167568288598
7.286540787626482
5.98635141808434
4.865574515483049
4.776137842203809
8.762899170138844
5.033160981124136
5.022834222947036
5.796645838513079
8.528285194953758
5.626027013650007
6.951043510925736
6.444236331412253
9.963325000672524
7.012571905159173
5.751258914631045
6.311078751639171
4.811942857216183
4.636359684920723
6.438994205495455
4.569888214441091
6.300894821578086
4.176813713481856
4.252069180882102
5.386267414980798
4.354875778801487
4.302065360633715
10.256461977030481
5.838160072716231
9.109783596331521
6.251476911420323
6.442963398061849
4.625605245991421
5.158126228117617
5.233044249793611
7.048121992654448
4.809863683653342
7.413449368642852
4.481563240963459
5.336496334004901
4.73058323242408
8.070597823480826
5.701971356812119
5.695615216386627
4.886580432095875
5.293423274476348
4.714050601011988
6.38920513975348
9.666118570893367
7.222814125151988
4.70982660184637
5.81285090546052
5.211767806884198
6.084592260824566
7.1960889256688985
7.753792783893976
4.5234527454493305
5.093527349185749
4.37007212913301
6.957676511759605
6.067488369762449
4.38809817594438
5.90541648737166
8.011894993433584
4.854676473436789
6.502250401771343
5.534305105041341
7.073452677805822
7.441729859872847
4.416204615125192
6.455210815619652
4.85021230793917
7.003661047084679
6.271603387146651
7.585263577479581
5.169498151581317
5.486952643894989
6.884940706890632
6.0532211308264525
5.350071447974991
4.8153333697426035
4.438230264558468
4.551827276058728
5.173317116708612
7.885216998871954
5.3669723231946005
5.034028353661299
6.913306559633318
4.847561951033808
7.480371505170433
7.22551923333869
6.902984988768845
5.082253089851058
8.607887277994518
6.964432931205042
6.209393156006864
6.995285352554512
5.476490998634026
6.598147833921541
5.679489913651875
4.974201304931969
10.929482342373866
6.066430446605554
5.967934882668909
5.39745849871671
5.928378957396743
6.486970028738899
4.822300051465997
4.681351337602519
4.713291832536898
6.75453034793599
5.358985965530288
6.727852749729484
4.927960000734266
6.861219990095829
7.553751551823835
5.794075094689672
5.597503140432492
6.574459146639587
6.532657544427379
4.836215516272051
6.494874353408196
5.549500177329653
10.232192318829656
5.244120357806332
5.198102952327548
6.84261149636281
7.765892008152893
4.919091197901188
6.243079611282972
6.046589272675428
5.608782905327109
4.872859383328275
5.470963567531454
8.466767233046356
6.702924648011273
5.232424058668381
5.526592119079638
5.673339064981717
8.721817626793424
6.531645222368228
5.902052197651269
5.3867952410896125
6.008646743095651
5.890069798799632
4.781836671586646
8.30059096057344
4.895726932018058
7.893864881635771
6.874834359459652
7.1832612772413205
9.432236728390961
6.536749496724761
5.1168053669148135
7.035446808914802
5.116042284260014
7.883841580510513
6.7310638766182525
8.411841517541072
4.197545443326561
4.266149268083433
11.49472080999466
6.553484351098555
9.525701055876334
4.146295255819334
5.6110047513988235
5.6985809678602894
4.342130187556504
5.486274575424068
5.151614814447205
6.105123511227474
6.477171613471546
7.004745656809609
5.485569842823796
4.6469824877303205
5.907037408086498
6.490425999651356
5.561438836917758
4.907206764748099
5.3934089576163
5.363080313781315
5.212076572528022
6.067817876671298
6.791028123741361
4.803918844836864
6.68579696036927
5.725879802903766
4.265125155654854
6.770363051691497
7.705647848168943
7.879529867850435
5.021671441578753
5.371726855746975
5.727328750961236
4.952137794554703
4.676109107809683
4.6155576987983205
6.556562673936729
6.873307304882271
5.818854689378626
6.810880631541176
6.205761646314095
6.110772104712357
4.173832760712463
6.60072687204315
4.534362532864682
6.219831871724675
6.573025519278603
5.2735977679321655
5.1357397412528725
4.755037318127251
7.385433463399022
5.9810609704371105
4.577034523312725
7.866838032621811
5.4126053896288795
6.7023132922623025
5.786931825168882
5.00829477954968
6.849709943324359
8.097564313386266
6.99805652306927
5.518623953191767
11.482371258935796
7.557424618625587
6.040825712412196
7.9763029357314705
5.603983573042952
4.423658818530678
7.356289820899478
6.999390061484393
6.967882416984213
5.593095845201377
5.695629814438753
8.626510070587857
8.77032641912469
5.680097478046187
5.15901813566842
5.432283217155657
5.225658068209208
7.2953330781587935
7.7677539947131375
8.51446014313801
5.858346356762749
5.614493965892791
6.844377896811649
7.2154215204155845
10.260752220875688
6.418843670988046
5.579246430711967
6.322114916029143
7.4161332664315704
4.12314274323613
7.715721940812696
6.2885026676876405
5.133267758689532
7.882261607402023
7.182730704222451
6.409181708259497
5.4235491316830045
7.333907170825523
4.748808415141781
5.617218309491596
5.60003643757042
6.82704883575776
4.647898812763967
8.740701623403227
5.085630791765329
5.681519579226659
5.120752900885182
6.1623299440861
7.591239583000557
5.6615000446314925
4.265478854030763
6.759141866107821
4.738849506855575
4.554025082659351
9.264278839970238
4.640367820302066
5.632194864930815
6.047336433030007
5.2111080674379915
8.576207356684964
6.005028009952733
5.876496609016602
5.865014922064216
6.941852096552138
6.463499487282903
5.643543360778041
9.598620102374083
4.913935692306382
10.439385015828718
5.784655776345154
5.216408578331744
7.963090016030364
5.196597008449018
5.219559236930017
4.629254217115572
4.777261762733153
5.056397370808204
5.697949963072536
4.353375694581093
9.713115052657225
6.720623942726842
5.874624642082375
4.67452344986375
6.856454860872246
5.839621510771401
4.802413308735906
4.388465824529827
5.945580105296224
5.980762578129318
6.481527242264095
4.745862053214164
4.280941341899592
5.826314081443713
5.73573024401804
6.6579321993913085
4.140235575263996
9.902181302008113
6.348418003330486
11.220134456481258
6.015079805071314
7.266939265707276
8.145706045362894
4.911753794084218
7.101740180823324
7.940545956207493
7.064318322422199
5.887874266407665
5.8162763355539715
5.363544151309871
6.516419394797324
4.736883677650171
5.02918667532078
6.874907618428877
8.482305592447693
5.937652276040663
4.269357158623269
8.719254184061274
6.596388015814181
5.0656901817130615
6.579965387188742
5.678019661941119
5.0716342986513006
5.322723371412984
8.307007618564363
6.038962783985999
6.928243260782309
7.233821152090909
9.17913237463925
10.01756747416052
4.54189655444536
8.135258985291859
7.060872428452326
9.12616929044034
5.588075308069428
6.504068918415073
5.65161362517387
8.715779308333184
6.28536302371216
6.629441249145838
7.320112802938294
5.018044050063353
4.732575563850884
5.850233724150072
9.303157096134251
5.459995771233275
7.018716518894414
6.260226993744051
6.970968414484022
6.294887795723337
5.757973377626224
6.106312736638701
5.48738119533911
7.426175461465638
6.404573377757589
4.121772549049781
4.61208006002161
5.7686661055677435
5.520580632588612
6.499108105730957
9.352514509257196
4.25541934746265
4.812346556324907
5.492152217927868
6.158929955721399
8.404364806862445
8.531390148078628
6.54238961434903
6.475374394006135
4.173680623906821
4.793267759566334
5.742858074020559
4.585564688217139
8.736416419541355
5.890657035049703
7.770725772188351
6.590973003374578
8.467123886652589
4.723774528888125
5.704519305590766
8.555077374258543
10.69602702315574
6.860142111273905
6.279533430666102
5.826769558353204
6.124220004029737
4.969840934442745
5.521212844825623
4.9365275683467384
9.052228643605007
5.411085094814386
6.629093333932897
9.674353209023268
5.202568508072436
6.015278205113167
4.455092941592061
5.141003590733957
4.582594914992291
4.894768194383645
7.590183716601768
7.262689795267195
5.723726865471098
4.345605576976372
6.694157339474107
6.865869573538526
5.411174399806063
7.139978626473981
7.899313246871839
4.197929140565313
7.392669072035831
8.403873345224815
7.092777908928496
5.769887648747703
6.527463787126785
7.064615267234084
9.680285968554559
6.341889352422279
6.859720544131327
6.561036530047114
5.016193736437728
10.736303764389667
5.097376456798333
5.055486917958632
8.136169647273316
7.39302068043514
9.664817679657686
6.090223308695505
5.943335349279665
5.352954648073118
5.345244438473609
4.692430351233886
6.508450219223587
7.988970427427893
6.901639104779191
6.938311587315702
6.197611461201557
6.7914689641753405
7.043026848781341
4.133242654581984
7.729338656528866
7.2506816849230775
4.711526392027343
6.030848392613054
5.884881132266823
7.182763379063993
4.558133407904396
7.127144758308722
6.427895696036383
4.821085112159733
5.260802993186471
5.087694253996267
4.519996691362422
6.616379973408769
5.791449889479832
8.924166449388004
7.182179576035939
9.121870238811324
6.0663921118703374
7.038661490591421
5.353469755505698
7.509187020996
5.701249671168547
5.440950744478489
5.6175919761312265
4.487400501242636
5.919486985687223
7.949742786072157
5.595327975744626
5.3619257427797535
4.470633081880092
6.491313567608086
6.099852759720802
4.717196780654714
4.4891594654937395
5.905666137240102
4.532946874429251
8.504027471977283
7.6065193195131755
5.8426333449601735
9.030459061128758
6.2120099998866305
5.882515863797209
5.941963358387787
5.3462779791888995
7.5198373308788575
7.095707853624061
5.052611368501894
4.978262004103913
4.811188129323454
5.547969477845918
5.533296078880456
5.889121100205604
6.439758208545131
6.958888971622346
5.318667285582251
5.786357832033026
5.544320605883356
5.952982156332852
6.291706806882247
9.091985664666202
7.356212256884082
5.172402868631872
5.5970752296818125
9.048988281635582
6.183054905218405
6.762041505410759
8.692662653843831
5.562675006970728
5.979533253579648
5.261286907269994
5.908994686484252
10.038852870321362
5.3140271185431915
5.73357372933853
5.452274582181976
6.060177869250551
4.960444588113617
4.449706304551546
4.826409533799809
5.082124807583343
5.887748889864947
7.514363235677295
5.169283702695885
8.502959100625011
5.949613909721352
7.586383781373568
5.253253898297442
5.961197374052816
6.366041666379311
7.8700703846628075
6.373231746851836
5.268653238713589
5.78065478825606
5.0100786081333615
11.08498134674764
6.256459468544008
7.670225310311749
9.351188804943787
5.815205278927047
6.552984043265423
6.354226524363058
8.69992900857929
5.684137589855558
11.0678644555533
8.065814898689332
6.390901741856247
9.070176179857965
5.286540634950536
6.561927010482843
6.5044182887330795
8.98256439338422
6.611601575632809
5.397236614853195
5.460938972960298
6.94615847336403
6.089527008168694
6.177090068613572
5.415863877677299
6.50034557462161
9.11510001391572
7.465979862883546
5.46657589721088
4.743366668528439
5.203837118683957
5.760898792385993
6.377433748295232
4.927128387046628
8.001034800500864
5.733618109403455
5.002031450022641
5.870831721708487
4.926077636953989
5.054728173778522
8.029010420451176
7.252317931464869
6.378424935134077
5.939828644853339
8.847492454747842
5.8643531142036345
5.018356101127067
4.604172746412831
6.221780014968566
5.490368109965484
6.191434192071497
4.217059354548141
5.110044815093028
6.726311109377217
6.451025027557972
5.232846402439901
7.111481118839842
5.484201523566025
6.883766512506628
4.471932585914397
6.784901874487457
4.611461503192727
5.712741913792344
5.485757419441195
5.425701439203479
7.862716961846166
4.958057519003718
4.479969106133044
5.8630084620801135
4.374605009622673
5.407052851598568
6.199546988768953
5.006476085419662
5.024011845950064
7.6398303830324465
7.083566008800149
7.255680381474653
8.09251907305589
8.28180897897166
5.714201633890244
8.015962988695689
7.168208279459768
6.390468828757537
4.811112708133246
10.64522765129818
5.5032247291805785
5.026790068218987
4.713045442712854
5.408251071205529
6.816027798487774
4.0646822368610245
7.718307503802875
7.224601357032996
6.216207465924175
6.054073165290424
5.222367084882527
6.222590783969693
8.699153898543942
5.594883441793257
5.45396733400805
5.772677168513393
5.838040780758168
5.716745003541048
7.261181114611875
6.337164730319579
5.081056399048555
5.240057972508036
10.482414701097438
9.154524017008189
5.919340111964318
9.226298024803366
6.691080561000266
6.42521528620827
6.871389800429644
4.708870546791694
7.084734487176807
7.325469319927236
6.6060033707132195
6.0851834403903045
5.047908012308819
8.735269151477064
11.043429205636935
5.980799242113121
4.729072425941248
6.0088633739197
7.963255944421251
6.318604578302913
5.8708676247042
6.033537114373389
5.684866260678783
6.75278379291373
6.966591998346596
4.806903675058118
4.599991099017224
8.94978855378726
4.449248644258322
6.390979686058035
5.88550716911176
7.851540455880067
5.246279371459007
6.144345105744948
4.621126008979541
5.577699020667605
4.8164100871360835
7.040285629081496
6.168493003232598
7.121825290586791
7.209844754618641
5.970833374590134
6.024874901003773
5.720511810378
7.3188417420624265
7.754871610345619
6.710338293876357
6.63249458069922
5.015220567519852
6.415687124902842
7.882822370976921
4.895653231090335
6.892952335349484
6.113150441117294
4.607166670435586
5.9672911884442215
7.26138235298923
4.172642818436627
5.263582444215566
7.166187776215484
4.856400486951277
6.056718748391185
4.694099794292812
6.466355846903205
10.354509052170677
7.15099224784767
7.405470556867319
8.127245574884101
6.565608456547463
6.287138651945262
4.046206736819574
5.25564002439668
4.699723319455311
4.593130368771337
5.091652503033034
5.836284628986899
4.735465642480158
6.705623358100182
8.107439244370447
4.17946861121552
4.82202314410375
6.481463877505518
9.766639179003288
7.408992565940343
5.84195240386118
5.948968262997938
6.423203694883693
4.712446698791678
5.617073694649414
7.242761116778236
5.057773897528573
7.301004727765611
6.07455852386608
5.452233707453495
6.6057520907480605
5.9068457930779745
6.037219761691819
8.26742245605555
5.747005331305279
4.93195261675843
5.9653069677370345
9.544969812839845
8.127727233474044
9.305214525905136
6.136934022538299
5.561194246073299
7.4594105499189345
4.981784933687461
9.155721192724956
7.076561972667133
6.208043327175989
4.985612146546585
7.025952404441924
6.9395052676338755
5.925674267660732
6.6660530194525975
6.849101229544945
6.160886309211699
6.256917804747875
7.616250158275198
6.08884322481983
7.16682505350035
4.326858070041015
8.228113475284289
5.829937232952438
5.367346086207272
6.8659312491417595
6.6895415540106065
6.154451183739448
5.2230781009479985
5.89540432598874
4.584932551439314
7.4416527910849
6.047896010056844
5.896818646684052
6.501069967765528
5.889551763393148
6.283091274624024
5.27904806093746
8.194728604246508
4.315083049167135
6.208091823472288
7.313402645294303
4.7267011545164515
6.649508349205802
6.152564211877289
5.72982582045734
6.186286086346635
6.893634211360203
6.540796309246669
6.298369179014401
6.979949687359328
4.73383369166482
6.113842187059931
7.965813913010923
9.491477483723894
6.32549644736399
7.202148400867978
9.559463287120233
6.349526177191571
6.78844956620393
7.580465695802735
6.513670321324243
5.633309571720598
5.300408842619068
4.626185691392704
7.357133209664011
7.016258776462696
6.274692549215682
6.976436736101978
5.289514991146675
5.91501804844528
8.55560071011486
4.305981000432966
5.478445921940728
6.1609030733870345
7.370595378268167
7.341763880797653
4.5039988190515095
5.59521474853846
5.965733720370252
5.406134259452187
5.496128916100631
6.108036506512592
7.825728844364839
4.967059085030464
4.473982005047845
9.889884379010038
4.960651082147431
6.647912904363457
4.966035421489152
5.915102602630357
6.135220568081546
7.440397763664445
5.268128882665863
5.325836685614662
6.232504192138133
5.206973056821658
8.600580238145767
6.4068825294884775
5.550863790730215
5.35341195919219
6.730299026624894
6.874421617672855
8.420376046977278
8.410958890667416
4.519020841159242
5.4401402105470265
6.151461910301638
6.367937519495175
4.545794102498868
7.021830461297396
5.300534099484311
5.376902734652404
4.483829237996761
8.249534674684757
6.244100300856363
6.363377827308425
9.492036063092614
6.241204777205372
5.00999368490296
4.940979993972005
4.985220275904524
6.960022327751628
7.175320342176675
5.4770686545991625
5.033568870799361
6.194980186904617
6.29446746208803
7.354896172769453
4.276610451216259
5.083466064750394
5.7304562431673265
6.872749103077605
7.682427401221109
8.809104503140814
7.362629892130109
5.879544882069314
6.302447523983702
5.8513753584637875
4.643874427777923
4.276276695770886
7.27597059173953
5.752368585701568
5.9219598212792
6.297045819666776
6.065598844948231
5.093299052035181
5.9147358299071815
5.429094108143482
6.806248453705429
5.603901137096919
6.705504576646571
5.8751193444816
5.8759153574392755
4.99181238772322
8.258952859755341
5.533603034996811
6.346765027420669
4.63704209885509
4.395930467369832
5.4885364597988495
7.1203965301358325
4.760599375330019
4.12198888711796
6.805946196386371
9.724266794335485
7.653329676742489
9.165922444685949
7.981728227741055
5.042648620932254
8.159315531338706
4.39814114030752
6.028450670092435
7.980510529219575
8.073321366428479
6.1386088674353605
4.690032617613511
6.964407467051969
5.4898207971521735
5.509168610905831
6.353930446064978
4.3216852152195635
7.606671684957014
6.292418768019915
5.01364547175897
4.660554892656352
4.315089410989936
8.99515700746718
5.554596101941836
10.025283765656987
6.940984395857296
6.5748424174643585
5.76617635908056
5.336568954385588
6.106148056586081
6.378332718710105
7.637005491961576
6.426842607909901
4.463799478985324
5.313153739291339
5.5589619639145536
7.2724879417604615
4.53119056352378
8.880762662135899
7.12092342710818
8.060458814749833
5.553176687782776
