9.897189317000244
5.123455816034326
8.799141813832803
5.669197560234373
7.250637173910449
7.93123052089784
7.924817363338242
5.79889501668864
7.645527649209734
5.656443888755396
9.168068668100878
5.1136793069205435
7.370522763663008
5.2484836868204585
9.44143168359421
9.192413390919512
7.041682913393966
5.622152871508957
5.67993132584365
8.663353184348301
9.573151063940863
7.110476372052927
7.022977590802184
9.995753803784153
5.751702455996121
9.1384005276878
9.415961787767234
6.310863811264446
8.251480934540728
8.441283752684118
7.8346213799087305
7.1879843353694985
9.053247580972247
11.153334330193571
6.460870149130235
8.108478906657028
6.465801234976657
10.660536810620396
5.989425549404015
10.512915326737204
5.486758914446943
7.844678298372131
9.539022296001967
7.655534430817139
5.564263008913059
8.21564062991398
6.637945897377711
9.55811557291026
8.342854848174781
7.2235883097877265
7.512492900068169
5.814691819007717
8.699978963450867
8.519482124536198
7.221511785940526
9.81442813846274
8.934766199803292
12.576809721169612
7.504508333381278
5.197634868229562
6.165475188586472
7.02033590060777
7.557019982876801
12.120130858628855
6.257630920172529
6.578668063566424
5.4933096432523865
6.625173353181763
13.996477739721872
13.787577007064481
8.126184255918897
5.544313945668311
7.556318754944352
6.669423065114778
6.431194069512976
7.018142412800867
5.459524143508034
7.55340826146475
5.95278701749536
8.979286760885724
7.559697418575003
7.141204804088425
6.412215972496552
5.989990007898001
5.767921451061378
6.873016304306737
7.008831267573768
6.115509000133441
7.791483690165105
8.243396503579861
9.870002201010491
9.584718431643578
12.61336577827368
7.009768018269886
8.453824758299515
5.48127454103644
7.5565977839118315
6.465205128028303
5.707830104077715
6.370667611564087
9.56107281866036
8.052104200025864
6.217236716811583
6.484960943241893
8.546435375815538
8.161631203200187
10.89270273879582
13.542215690661124
6.645772063930023
7.428044900451571
5.923440245637959
5.82500474155386
14.271895013656778
7.456737129684143
5.8953363212731915
8.118383348438037
7.681905604231808
5.770825292650092
7.445942088142978
6.774740029513477
6.347825008746245
5.7581839148587255
12.864746657545847
8.162064205626557
6.334930298873565
11.026178500010438
8.970966185617543
7.811748119243521
8.36359514378442
7.300743721895787
7.192976777474475
7.711444333473905
7.517410699049534
7.193821255698766
6.0908090908980155
5.634696537971074
6.4486437534889856
7.452574424761863
6.067022887196694
7.6507261916286575
8.67157485511533
7.306786284928327
13.861228038270296
8.630476814281575
7.159113444027546
6.839932180704442
9.06171115916503
6.814647184589848
6.14675903524404
6.577318616626777
8.054112899869926
7.3071383141905795
9.96404772300585
6.610207270540537
7.163658359974979
8.689519639878501
10.779961087215131
5.315620080725841
10.10028981771603
5.851665430794927
6.773670795806068
9.577506803860834
5.190945468425729
7.5497912507885125
8.64148633564973
6.0160254886967905
7.173284850854497
7.0080175458333684
10.061792148729923
6.642859543776378
7.531468357665416
6.8691210341415925
9.416292797992398
7.306731116581526
7.971630772981933
9.441512505125955
7.464433095962703
7.108597089929913
8.530608391616346
6.449520761910265
7.851054812767259
6.074554710841477
9.60891584396197
6.286395611257678
5.102676915336556
7.185110726148846
9.927805002025273
5.90671082681193
7.315502300432854
7.6938792164573915
9.024867299855368
6.891624608613152
6.297789198888466
6.229106279807052
9.237068627355592
10.537128732171968
6.856587747798796
6.454437031738662
6.990822075934869
5.200368283147989
10.173647891674252
8.581168933697084
12.637489567752361
7.326324710623606
8.76518370860883
6.052475202101226
6.996172720392733
5.442300476375445
6.944457304550564
7.232219131225338
6.9479277365490315
9.631457418652548
7.924252597702072
8.10942841072287
6.488590052307986
10.215467361717986
7.5071351566096
7.104013412377323
9.382229594291752
5.6071773065721935
6.299154666042126
6.772354526438594
6.987368561192276
10.176258219702971
9.424220346816336
9.101430344387202
5.9415046979477655
5.900635191577103
11.733055160846888
7.883212829666107
5.880814243426189
9.26569491352883
6.793086612352467
5.064099343854777
6.9409097219008835
10.42369687111196
7.544051603324713
7.294031857802558
5.61155072623006
7.930294613617015
6.465748559107933
9.867841316954209
7.673393760456596
10.586928742558712
9.129553105940916
7.011938245579393
9.975726397481223
7.2651183601601055
6.52043135870184
5.993173535615991
5.318066275940065
8.741077908936035
5.6823351882243225
8.512534963109227
6.51231920228084
8.827715826175918
7.1072535255412665
8.997275265158699
8.157574315909898
11.393251913610591
7.974387543113527
5.968053487127685
10.53280325713599
8.399521563251756
7.737932526569609
10.734936665305
5.721451587193608
11.145098708795734
7.201419428575051
6.612600283389597
12.278058740688627
6.4206139031459815
8.247564164399686
9.729984497540032
5.628856399880264
5.7217034396096516
11.570033489847605
6.308128616686692
6.61886726647136
9.825038980842159
8.42165875461184
9.10069205909407
7.705547007535408
12.550565181234763
6.9576904697916095
7.620634259292894
10.490566882259472
6.819350406865177
11.412866454777925
6.7452412323106055
8.770842445264094
5.987024202704994
6.84697771664796
6.51777122466575
6.714816076039652
8.233579854032902
7.529328617296523
5.521659925824229
6.725073180004653
5.728144332129112
8.1940114668089
8.474254058023668
6.223141181956226
5.717804396656136
5.688389564581083
6.944291091349511
6.557078361720091
6.2166873627096395
6.896879920492768
8.766306059796726
7.769023814388698
6.35700131094081
8.599791667180265
6.097232072074812
6.962622045480962
5.834303675272926
8.518443366918147
10.808373376555297
7.276920190038226
7.4572705852734416
7.828965292631064
6.983835540171045
7.8687649480304795
9.38021129363682
5.4412486258126584
6.81136457106862
10.760665720780239
8.10856437921723
7.478320349307357
6.165303120827118
7.637059636322202
8.386177901582611
6.047517034645984
6.748882148905267
5.881646912894103
9.872627311478233
8.54259268371358
7.556188573854036
9.89678380258054
5.822990634418324
8.635901746467196
6.818838906294607
6.732504879158494
7.720099257830832
7.275757868404725
9.447860125816524
6.869389368987967
6.2685426102303365
5.94592796888805
10.236177969465755
5.815427631655466
5.619466370977839
11.370463810315194
7.326458542819169
6.045399986635636
8.249939280446897
13.397403886801225
6.324336514910277
8.466862337736815
9.710325455152084
6.082688308168779
5.077622976474154
8.345227136497762
6.832592687877737
5.929116932739743
7.571003138736009
5.66878748603825
6.138275709247067
6.157112012357242
9.242811049398572
9.195217408042309
6.313300305513228
7.47776337505161
7.400748926188334
8.832349811926889
6.757749719801171
10.416193597874095
12.013472388475332
7.369216669462875
7.99205057369603
7.659455697631651
7.31089386058915
7.205653382708391
7.231301120779362
10.917175971121011
10.211946915849065
7.348612699500137
6.658282261719054
6.446506992418692
13.75877672367203
7.045539785810894
6.5091487387352664
9.43436159278943
8.396427823746663
7.314342958423519
6.34073995167088
5.5553257296725915
5.896521936535734
6.9529769703960325
10.755710565262785
5.382457515993703
6.644999538172532
6.102980223577391
10.574998630537678
7.7613848131845025
6.836372784673399
7.523330977861996
6.621619641101153
7.363799170541662
9.635769208681083
7.312775399121531
7.769107108950539
6.340576455621989
7.159261055438312
7.834509667549895
8.121911846068329
8.027437997139236
10.62134364670522
12.59956597015146
6.1819279578722215
8.647549739841347
7.218399411363589
6.975463296321215
8.266474090886247
9.235211793882634
12.107410162814801
9.874103859247416
7.990881019670512
13.733259271391999
11.077446341403794
8.038468035192627
5.897805422670354
7.389371138407011
6.956133647361031
5.419392515725
8.790236648993016
9.2970465886161
9.055885317234303
12.618030105105667
5.72290364411994
7.094924172997901
7.391744574422525
5.523772383016167
7.995935079830351
6.166056843644831
9.637043252335056
6.113325402855917
7.670639904724517
7.810559564108291
7.376546849580112
5.837735926746221
6.534826968237605
8.000619567979344
6.191332481240882
7.06184699689307
7.6386938546453305
9.628414452404147
7.465903963190506
6.139111781847727
6.724117828240837
5.713362434916233
8.819444452610599
8.022041146332567
11.620021576056063
9.00897654422867
7.366329842053119
8.459459169856354
7.439253658364575
6.704787106247409
6.7583352237898815
7.334212330532023
11.343312070168821
8.685104680698208
6.404738208247159
6.963564587432939
5.8884261022152256
6.613153323887693
7.486463351291362
9.015780862189944
6.073655462742902
7.629777556887239
10.539665292551948
9.545496892749851
9.913914833787599
8.1548800922741
6.080646890024772
9.268117176434737
6.48096624466503
7.152271234723762
6.638336312544911
9.69780351215652
7.556809448550899
10.444379813074844
10.161217882930575
6.420944264063474
7.265289025790614
13.504683154024152
7.58454415524409
6.385712895453364
13.051433961049302
7.683103334512946
7.388727245429283
10.156479525857618
6.009208511122444
5.370383922302144
7.948564521041757
6.714781207583567
10.299816676996237
8.179316798026493
5.834639547054598
6.600012988825561
6.622359256985419
6.374712484530167
5.695457508127987
9.965801356066523
9.17379796948379
10.503995719971877
6.710456721289635
9.951017773512845
6.952912834761894
8.664589244749344
6.7900389585275285
6.613574361376726
8.205443743012724
8.890540026811497
7.853046670604009
6.021903590367315
8.619362570555946
6.942133935145381
8.942642250312188
8.886743958036083
6.202730797720389
8.223617483805505
12.149613253510916
5.299605419645016
7.802676349198481
7.358806217170832
6.102028603137036
6.311963493622982
7.380677327710635
8.37735727663955
7.8903278099811285
9.251183318858313
5.929352007998776
5.978194892820133
5.687713798791816
8.245335448829888
6.946469854960488
7.912370183720489
9.041934139636759
5.471502536242048
8.391791015759729
8.349154052579188
10.00761846635115
6.360091595495121
7.950414852647012
7.164244117319751
6.13684602035559
6.7126723394714745
11.720614310213717
6.31542198260295
7.117036871992073
6.6144425559476
5.658330537489345
6.682444661005152
6.879250488231873
5.658802930037616
6.067307064185839
7.714707245889629
10.788828815091701
5.371327381759359
7.008251655664412
5.990851251237211
5.733734980194533
7.894554436347496
11.806207247263933
7.223941065355042
9.544492287095782
5.752251009213265
11.617678016518479
8.603723507988155
8.920103701557592
8.521673199854769
6.105824936636802
6.18086853070124
8.214530683325735
10.236636923549383
5.781263357127216
9.40204439306889
8.531022722890885
6.502452573386789
12.027308726101136
10.3124862070497
6.9808544482074355
6.974142992899532
7.888269291630262
5.955999931386881
7.847965856953663
8.918235300028163
7.42683674584929
7.165429953264677
7.901022729451493
5.902864585413683
7.349221533709042
6.984364289913884
6.333711610740556
7.334937141789176
7.805221630829252
7.016372658823548
5.899221011798207
6.315880954233612
7.072613294777846
9.233186905248113
8.187284906380034
9.15560481406584
7.393027694725326
6.487573032231518
9.814856473427845
12.436031128546611
8.001593917508366
6.731213318253022
9.998420916056658
12.936674203573059
9.030379823193591
7.542308959222205
6.5065167102530985
5.423800787702204
6.631712824198465
7.432379468358924
6.315550147573354
6.9651865119070315
5.350979675195533
7.02791426638016
9.155489695709974
9.245164378406304
6.140957072253682
8.667708987564785
7.996461938760324
7.772822574598239
10.238313817969605
7.334731267915386
8.497461808157903
6.579960624638294
6.25375668375457
7.322906848377603
7.12700668000082
7.701488656682731
7.249888980033418
9.613254293583788
13.429213140323908
6.002874176155544
6.7133008346915455
5.908406232234161
8.466006950253067
5.585874648727618
8.342092530490348
9.634681152431188
6.2397504299500035
5.308048151074128
5.3582055041130126
9.836326155787997
9.153206926732059
6.037077557007217
6.363069626234987
9.707188483702213
6.787646971222956
6.799788390585285
7.99483938447625
7.0359565052178885
7.777877507451595
6.777295319694733
7.2478421362
6.314157629493481
5.237000089936748
6.82346628266018
8.24836826654767
7.508494359669095
7.490967765616609
6.347987266953221
8.018193387705951
5.973970930737105
5.242129414475811
6.429221239146671
7.961103534204537
6.782641087186827
6.671066902395487
7.413862776715014
8.540633487254528
5.462604683535287
6.520903604220798
7.366935464859521
5.970329373519009
7.484985866849686
7.475621624102721
7.744047460479028
6.857941670188601
8.081013561664706
7.506467196813414
6.435335793891124
5.824399481115899
6.477170564627912
11.259351736068185
6.442564217869482
5.6715475248459155
8.267612702029451
9.53937778836013
9.220703060166931
9.180837902024303
6.869885513357921
7.130428805449245
7.592823020710488
5.994309721667416
8.482181481362103
6.817556152460372
7.338559398715625
7.885294824076708
11.511175624855392
6.721989536819967
6.774289655890022
12.42318228758988
6.108924817421546
13.928856970139316
8.504046877481233
6.535763742772208
6.3486463247009235
11.153079737084735
6.9372845886419165
8.330136412092516
10.029171516885448
8.034980232877295
5.665264664735869
9.013226549432229
7.022211535976756
7.256862451977713
6.603692970012233
7.309522255960271
6.247586869571627
7.371748168304874
6.556884602065733
11.029675341506323
5.670397485791118
6.983812453906838
6.957534594833307
6.229778398891299
6.59485659220546
6.014215440183034
8.428273621543205
5.339580405092607
6.6252336333430515
10.811113132388856
10.071960126318494
9.427491684480959
7.3139634875240365
10.06691816065325
5.987553074668379
7.264798515656367
6.381934258759184
5.303928354535787
7.544943720755796
6.337154623488731
6.891924786862631
7.707530262204528
7.710902434671179
5.2681348958621435
6.964074752564102
11.22631052019804
6.886990365008653
7.5603619296462945
7.572145127127736
13.719265415652583
8.96944969555894
7.080243849262365
6.272256317510647
9.239111722233867
6.604896209560147
7.992436384469013
7.533183674084341
6.808275158891527
7.387900431591293
6.029154822224542
6.941921248901614
6.917972310954185
8.581901924537277
7.485522998520861
10.004047637674203
8.998279708885255
6.529945568550389
7.274092156928356
7.3009231725314745
8.8358059845503
6.783265575293502
8.585148620083308
7.240191519476792
7.0033167241117615
6.791863040180074
6.571408982371319
6.231615695096847
6.788897907059717
7.236448544026553
10.751520533791492
6.081260724810059
7.219472245027732
7.038545562452756
10.952709777067815
13.015248752206412
7.019197270561744
6.7609653053853656
5.720772307312566
5.639044533827895
7.842642707079491
8.818367554380373
6.919363992358623
9.874094759449278
7.549910191301638
7.167425370497357
5.943538759203075
8.811278107022606
7.722866878523783
8.642387511404351
6.489890978052097
6.4965297703476725
9.054929192566531
6.364363906860674
9.104496862742122
7.591386246341395
6.991735116530317
7.466454712268718
6.218024070302804
8.315850182308385
9.228642383647584
9.54787441082454
5.887729246097859
5.2431076989898315
6.295007995709322
9.452866213017316
7.145747767966137
6.85556082875138
9.116610750441108
6.32874621588442
10.400326597989382
7.964252611438611
6.8477785395550965
6.627718657054531
6.619049518609766
5.608890495275126
6.723053664758963
10.512871118367642
10.201999591920018
6.870854098008702
7.585908133843335
6.219619749034197
7.317412627288222
7.049587408797725
10.10267483133416
5.914750931415545
8.982229019174724
6.127493532430576
5.922988825452363
5.662208922825903
10.740107233526663
8.716041141573609
6.3578039839864715
6.327339866100833
7.198990413584399
9.426187734217198
7.174713897521266
10.052578335554394
6.934325145235974
6.463016444025087
6.984236810326985
10.104544990654981
7.240200256216206
9.048286725005195
6.028182718719248
6.149732960145672
6.492303590503577
6.715324415084051
10.353549559163115
7.653791458674885
6.392290250206172
9.090011658848953
11.763770316619524
6.027169031473314
7.913048886657761
5.950230605153923
13.210076857988504
8.022791574186167
10.713390380946732
6.364929408689571
9.775165969284604
8.651824788089414
9.65672219560901
11.02194277760012
8.482894300196284
10.279691209041085
6.643841380501654
6.240018570295265
8.046572704512633
7.0074217004714034
5.928801262787238
8.912118490774324
5.737079294238275
10.89829406823291
7.773252362990986
8.147285541718446
7.5420006474053345
5.569759887279942
9.239007582761488
6.608851843288085
12.895581638445545
6.786059082144793
10.55098287680989
7.890271778833367
11.401705968853882
14.450946406931138
11.022626365593181
7.216591116174272
8.388465591380953
6.851371105520798
11.191969359073967
7.790472034568506
7.675153134655344
8.966948366338578
7.4953697353459905
8.165684126187692
7.0568077730267165
5.357253446160425
5.974738328368591
5.904137355740767
7.752331410307231
6.987587622019585
7.03271478262582
8.313670578673594
8.249877571816834
6.259053721207726
7.191594579321203
7.883252602695264
5.200597985558772
5.826925172375014
8.22703050105742
11.807260174079946
7.854061484420763
7.7031790506396725
8.485511074695069
7.757165552392929
8.315958523990544
10.44436308672428
7.46616148958881
7.5730117852724
8.243471706234322
9.546424548974398
9.423805298653898
5.216413884466239
7.582822238476423
5.415316703425235
8.64203647861211
6.20839572943497
9.311245899327307
7.4992545740953345
11.230026275266809
7.72443778838223
6.460744923028193
10.33943895584901
8.231958140822131
6.544408677554323
7.530954860310076
7.085059923075142
7.4228292974915595
9.129390856610744
5.787546796656511
6.047254699563518
9.563348962395764
7.07375330992707
7.890620845094961
7.625215571198543
10.822753670735322
6.592296479656547
10.395320165465774
9.714177803647711
8.153763010551947
8.770391672244148
9.051932566481767
6.763575171727173
11.042069548843122
8.081634856543706
5.3960402130184
12.341496108561724
7.278904724766174
6.613515751145924
10.443177106884873
8.303189066714905
7.213504488314627
5.4087024724693435
6.384471059554473
7.344548589599405
6.134735728467763
8.333975049412137
8.358453737323778
6.883174314416336
6.459805881971939
7.894981170996239
7.36219552842821
7.42923137073182
7.395618244102734
6.801503295464376
7.01561920042146
8.763985348719853
9.252364534280382
8.859825511052456
6.566642402193363
8.27635659554168
8.928908920069302
8.993315268760732
9.042496114740837
7.095155735120808
12.68519539598444
7.218980605823591
8.072953233220462
7.721083179434987
11.793651666006616
9.193415112233824
9.595697442797809
14.406357237321684
7.716674179277684
6.725381639627419
7.692775176337639
7.046918051530916
7.5991868667407605
6.656370297252197
7.53819679699003
6.919733627160601
6.223048495553134
10.118430836444134
10.701193568325836
9.958968386317148
5.257147960081143
11.610309707333505
5.707351011028694
7.851388910698302
6.081968144353811
10.953623962673554
6.278542778683795
7.24580729814135
10.660356493692198
8.055295414265316
8.765714881448966
5.712360268051364
7.876118526972607
5.221017141852321
6.732834268725998
5.377581700792143
12.820577471288102
11.3872294954144
7.814346139275402
8.053704247577311
5.782006557489277
6.447657785147022
9.266811710803566
6.670620417506127
6.108225540119843
6.616779093095435
7.98650642469185
12.082648213616709
5.887283252307962
7.2660636318256495
6.514709758605247
9.69224097986747
5.654315931811664
6.366909186482187
8.697095639699507
7.584360462203062
7.381770609214575
10.01486874179198
6.917881381301676
5.52025576890649
6.461872689476647
6.68758930996874
6.019166712178254
9.856521248589942
6.292535442076624
8.641633199541648
8.628731235961055
10.759859097493147
6.845613748292533
7.099362392064845
8.108712535923623
6.0278750643324965
5.851689172003148
8.409815937161856
6.159950000917832
7.24259386836209
6.045269395340064
6.936875221662067
12.79024039853707
6.555150447257915
8.553264370453512
9.707365010191115
6.148863997376485
6.838704459414318
10.583459041307945
6.540530073335476
6.908240148849547
7.091673831227146
8.164556527960286
6.733494051362015
7.362587248499541
5.977295839483306
9.867331102044714
8.97907659655165
6.396006708643516
6.395052855325018
9.854801975638143
8.413829845772817
5.2469318041582005
5.332686585104292
14.368401012493324
11.907126319845416
7.013755939248529
6.857843219280086
6.439518518059007
8.096464516839431
8.755932071012012
6.856962303529744
6.134008455935123
6.703850392226644
6.515095715660027
8.4887851546767
8.357246200461589
7.157349753629708
6.277089301973441
7.159160938701546
6.190172243193379
5.845136384762104
8.195703342420911
7.273568361723283
8.51360078942647
7.757202057892619
8.250908590053939
8.216281899098254
6.591997209915207
6.41967467656609
5.943796647659065
9.231791829248778
9.833547540777264
8.377891615327878
7.233664781461102
6.2603684744371
10.121955391732833
8.747570653836586
14.352964073669746
9.446780773281985
7.551032140515245
9.195362276124348
8.749237576855489
7.1195372680484414
10.783137588234823
10.962908023905863
9.119166347698492
7.322932945953436
9.019276900519479
6.416584698361914
9.852827009252527
8.978413380278063
8.011477135324371
6.779436414603755
7.021522886864496
7.000045546963025
10.925877029254035
6.357038489706662
6.400941126106478
7.702912430107624
9.489049478750697
5.923561883569469
7.040243581163519
7.559170541287509
10.720259195856206
7.3312686525802695
8.677315120690173
7.054429200972551
11.998275127967604
13.049231269785897
9.953862520037955
6.5244490461625215
5.786567771394465
7.12243745384067
5.441719618226366
12.14139381582153
7.299526888464252
6.003016635919883
7.43197513162028
8.101909052830118
5.9323275665177055
12.377726627510143
14.025168070601573
7.518849756339142
6.139692242605272
7.359842833009582
6.286483344150974
10.602881990559618
7.422065345050829
5.336696448279086
8.245485019767727
7.097524577426398
6.339542873314125
6.65340421426623
10.383759523205452
8.660304075977885
11.473915468299063
5.677370693056701
10.169073731614823
8.826090535565406
11.407711613050424
6.985094135086785
8.13008614801884
10.894724135416482
8.286801561432297
6.272555062579191
5.915719454813606
7.31279215518759
6.824994714041593
8.773395648618017
9.282719326832048
8.005716722196986
6.900725790735766
8.123885132163695
11.690643136571497
5.319274184328312
6.015433195406134
7.698662444651748
10.664237685098286
5.217100779883527
5.991584699457918
10.920520524426692
7.363321293812129
8.238716254218224
10.583904858315734
10.693846717823178
13.370033778944673
8.575177639092383
6.212301168053431
6.901516056032029
6.170659460433423
6.763856368517981
8.286366667416122
12.092941511279086
7.51909775639146
5.568866176990076
6.426254488417447
9.078362244083994
8.367696674342634
8.582336966923158
6.763967999757579
8.924973283092477
5.247411425706642
9.240836340044789
10.504841681531019
8.159329733908482
8.830769084042604
12.100357460693198
8.57465068016416
8.201295662558893
6.270242170547159
13.420379705487083
6.3717205709979154
6.31935864744829
10.170212059091646
9.241275850543925
8.627048880973987
8.672889484144628
9.063352106153848
5.8894079900341785
7.356101415333528
5.697666759880495
8.908930947885903
6.359617817495334
5.649995864203027
8.270474966760961
7.239312361849789
11.402337798514154
6.691837194382122
9.386483776244999
7.021989970164032
5.609250626553294
6.994159969680782
5.588291352350116
8.114141959510107
5.896495975818391
5.611449331867175
5.666183593036562
10.630034339971603
7.303291681200217
11.28807382641095
7.4274541979847335
6.682847473986125
6.0139851616543165
6.934961847307397
6.91662009860057
6.648334106977812
7.232947290041284
6.930400757354195
11.364982080832752
6.465503585789841
10.86582831730479
7.4744165669745595
7.3862433581053155
6.642533898178989
6.815343227727469
7.359686112331183
9.392954044596618
7.437017387151689
9.48297972671696
6.566567372871802
7.957552082974138
7.966539683564796
6.585816548391987
6.262598260166701
11.688986006179734
7.269006598658809
8.191230054081776
7.942783155453822
10.874911260724112
7.105171987319447
10.082268623361664
11.337720224822457
6.6081757936881695
8.202408763103554
8.130522860916349
8.26450196954101
6.746545768566494
6.826173716200373
8.682698091705037
7.611908760210867
7.721362585766965
11.393875017394649
5.929208335660548
7.971792185369041
6.318410217223153
10.036263025563969
7.424785806066674
6.272945126408835
5.755215933016038
7.777225018710707
6.862960137456857
7.739292740089371
6.3875560188662845
8.889351398549804
8.604708140633283
5.5899157323929956
8.481127343109321
5.764326878990908
6.857196774301494
9.828396202307706
7.328760577600142
5.4682562620283415
6.758816064498211
7.749433735961191
6.28001480743758
8.854457511000186
10.115648841319862
10.01995373586961
8.96026034932471
7.988086035946919
6.013890885166558
13.306534564122726
6.8790309114757235
6.2834875852737335
6.760313839006911
9.030751696291246
6.527958856103159
10.873942373179927
6.993604302241572
7.1459312544263085
7.921455912899473
8.363850701250334
5.886088183489616
8.257504213391526
13.804286507046168
6.008629593822648
7.988724607572544
9.814425569850085
7.680431382181185
5.776407511224426
6.972123775834507
8.80035703635187
7.7106162540407475
7.531093626254718
7.1506397629725
9.148552177578033
9.693589512932023
8.387922867345447
8.290618225874026
8.019608906128553
9.853527963721149
8.616190419186855
7.641438051396618
5.758958338044481
6.579478055269458
6.0705006086890965
7.570898435488981
8.938740309809589
9.256838196084148
10.159056968605126
7.8589233149315785
5.0577584210244675
6.569550030495851
5.741412960964171
7.295355786233624
5.919332053100197
8.382029197625227
6.027528930129687
8.101829846881897
12.20829897375411
7.021342118311767
9.053451395972795
6.322217371910717
7.593198154832599
7.546524702114773
10.334278070069436
7.183756664131599
6.1649407709480375
11.931212266049807
6.951492807591624
6.227231167109327
11.444651490906194
8.674381584542344
7.407092834575915
8.561376536931181
9.520312697843996
10.285141844105361
6.7091826077590895
7.69306397967431
7.369255407485925
7.559870012571056
8.12633745970691
7.3619397042414345
7.85386409328003
6.598810076171825
5.393853811458919
7.76011477934036
8.311885436507254
8.175995386558338
9.957267391263652
11.864346854654869
9.002685501084972
11.94932910890029
9.196416512080013
7.843365686519602
6.611893738933343
7.3937725605566
10.694500887643573
5.382476250541208
9.21324422283521
5.629998523814387
7.457167150462814
6.7576678243152335
7.63504563314074
6.200813852684289
6.58516110333233
10.750725297682207
6.938579738412769
6.6917649489902375
10.513698613334272
5.648776051449053
6.8001752631837835
7.689327387877047
7.95992189936897
8.777288076621746
6.721128418315505
10.311918343355945
7.805125376070453
7.954222284135532
7.801505971506714
6.2624921061287
6.176224992465006
8.700027909689535
8.969150427720844
6.291961088499201
9.193620215961817
6.354332580937993
7.190460732126959
7.5819985561852885
6.366623815043976
6.786367635179353
8.507810567131788
7.004876421371149
8.381880720808214
6.917003793746014
7.933456284275836
5.494913084212291
6.8606705747485615
8.90049566266979
8.507432745482964
9.56666209592811
11.457403055857437
9.97716028467632
6.303310776165317
10.199144414173384
5.4976764253844
7.535563337615543
10.091651708035599
5.862540772016889
6.862275996440218
9.508339606196268
7.865523460024894
6.267056839698713
5.82569361582044
5.393861763737419
11.243946259333976
6.9432451274272955
12.531604707071233
8.67623049482162
6.670711192981985
7.972915898387632
9.546256864951967
8.033553259887377
6.948702454893192
9.090609927200576
11.100953327669874
8.901154283885226
